$SPEC_ID:
No sample description was entered.
$SPEC_REM:
DET# 1
DETDESC# DESKTOP-95CNEVU Easy-MCA-2k SN 16145343
AP# Maestro Version 7.01
$DATE_MEA:
09/27/2018 13:23:15
$MEAS_TIM:
78 103
$DATA:
0 2047
       0
       0
       0
       0
       0
       0
       0
       0
       0
       0
       0
       0
       2
     339
     538
     823
     828
     787
     781
     806
     830
     855
     844
     920
     952
    1053
    1129
    1448
    2060
    3102
    4664
    6316
    7626
    7534
    6860
    5099
    3885
    2802
    2086
    1651
    1358
    1238
    1173
    1126
    1145
    1124
    1060
    1078
    1030
    1056
    1044
    1129
    1032
    1062
    1076
    1085
    1042
    1062
    1120
    1118
    1196
    1231
    1375
    1534
    1737
    1873
    2049
    2093
    2104
    2015
    1905
    1711
    1672
    1548
    1507
    1452
    1470
    1415
    1347
    1340
    1273
    1242
    1176
    1112
    1129
    1136
    1144
    1134
    1101
    1115
    1140
    1216
    1176
    1197
    1200
    1207
    1229
    1246
    1176
    1231
    1317
    1331
    1278
    1282
    1296
    1316
    1305
    1349
    1395
    1356
    1392
    1387
    1393
    1398
    1440
    1405
    1515
    1442
    1439
    1511
    1465
    1518
    1481
    1532
    1500
    1430
    1511
    1558
    1520
    1488
    1549
    1548
    1527
    1532
    1499
    1590
    1589
    1641
    1615
    1573
    1601
    1621
    1727
    1773
    1809
    1806
    1795
    1797
    1832
    1916
    1931
    1990
    2030
    2110
    2095
    2165
    2177
    2160
    2199
    2091
    2223
    2141
    2195
    2176
    2078
    2196
    2162
    2138
    2142
    2100
    2159
    2116
    2113
    2069
    2140
    2062
    2049
    2121
    2136
    2193
    2060
    2096
    2073
    2088
    2037
    2131
    2021
    2096
    1970
    2040
    2094
    2038
    2060
    2089
    1983
    2062
    2019
    2020
    2096
    1985
    2010
    2034
    1993
    1938
    2007
    1918
    1979
    1968
    1978
    1900
    1971
    1910
    1920
    1894
    1902
    1898
    1847
    1816
    1846
    1842
    1819
    1826
    1793
    1790
    1796
    1862
    1847
    1727
    1761
    1738
    1734
    1736
    1696
    1724
    1680
    1703
    1667
    1742
    1609
    1715
    1663
    1620
    1581
    1664
    1627
    1572
    1609
    1539
    1583
    1586
    1555
    1611
    1506
    1519
    1579
    1538
    1503
    1517
    1599
    1517
    1563
    1484
    1533
    1457
    1466
    1433
    1499
    1516
    1384
    1431
    1444
    1469
    1384
    1405
    1428
    1414
    1471
    1373
    1433
    1433
    1414
    1454
    1395
    1454
    1370
    1364
    1358
    1375
    1374
    1426
    1362
    1428
    1373
    1418
    1446
    1343
    1317
    1412
    1328
    1364
    1314
    1341
    1346
    1350
    1343
    1360
    1319
    1350
    1294
    1377
    1352
    1355
    1348
    1300
    1320
    1319
    1359
    1345
    1369
    1350
    1400
    1350
    1313
    1324
    1372
    1340
    1419
    1339
    1301
    1328
    1406
    1292
    1364
    1339
    1284
    1348
    1321
    1329
    1283
    1210
    1275
    1275
    1224
    1217
    1157
    1131
    1127
    1174
    1081
    1032
    1054
    1022
     949
     935
     886
     913
     876
     795
     836
     799
     792
     743
     733
     686
     673
     682
     645
     634
     589
     558
     549
     576
     535
     528
     557
     520
     531
     492
     503
     510
     451
     446
     466
     404
     399
     401
     445
     449
     440
     400
     377
     382
     392
     346
     392
     381
     384
     369
     339
     342
     362
     358
     352
     304
     338
     317
     313
     342
     301
     305
     326
     290
     284
     264
     280
     268
     300
     290
     292
     292
     281
     265
     277
     253
     260
     282
     274
     264
     249
     266
     262
     273
     262
     284
     255
     272
     237
     261
     299
     294
     316
     293
     309
     350
     327
     347
     368
     386
     397
     475
     492
     524
     635
     671
     746
     802
     853
     946
    1057
    1205
    1316
    1411
    1642
    1843
    2009
    2232
    2574
    2724
    2940
    3300
    3738
    3874
    4253
    4675
    4883
    5360
    5765
    6246
    6587
    6985
    7307
    7631
    8142
    8537
    8778
    9263
    9256
    9459
    9613
    9771
    9707
    9971
    9845
    9831
    9628
    9450
    9230
    8959
    8657
    8444
    8093
    7687
    7096
    6607
    6462
    5944
    5529
    4959
    4667
    4082
    3846
    3317
    3170
    2734
    2562
    2202
    1949
    1711
    1485
    1298
    1123
     981
     884
     706
     659
     590
     515
     454
     404
     367
     310
     296
     254
     280
     229
     226
     219
     212
     212
     195
     196
     186
     193
     179
     204
     162
     181
     162
     152
     173
     156
     178
     154
     172
     170
     153
     193
     186
     136
     184
     179
     152
     145
     128
     170
     134
     142
     144
     139
     154
     158
     151
     177
     174
     138
     144
     144
     154
     129
     150
     152
     128
     131
     147
     138
     157
     162
     137
     157
     136
     138
     137
     131
     142
     136
     130
     113
     116
     146
     115
     145
     146
     149
     131
     154
     124
     128
     148
     140
     110
     137
     132
     133
     137
     154
     138
     133
     136
     154
     145
     120
     111
     149
     138
     157
     128
     125
     133
     140
     131
     136
     120
     148
     129
     129
     127
     126
     148
     107
     134
     147
     132
     118
     113
     131
     121
     122
     126
     121
     130
     109
     128
     126
     139
     133
     117
     115
     122
     118
     126
     132
     128
     113
     123
     111
     132
     115
     118
     110
     124
     110
      92
     109
     119
     115
      91
     101
     116
     108
      97
     101
     116
      87
     120
      84
     110
     104
      93
      83
      88
      92
      85
     121
      86
      83
     107
     105
      89
     103
     111
      89
     109
      87
      92
      97
      96
      95
      89
      74
      92
      77
      77
      87
      90
      83
      83
      68
      84
      78
      75
      66
      83
      90
      80
      74
      88
      69
      88
      74
      84
      84
      83
      71
      66
      78
      72
      70
      71
      67
      70
      77
      74
      85
      81
      70
      64
      66
      95
      83
      69
      57
      57
      80
      65
      70
      66
      63
      68
      75
      64
      60
      66
      73
      88
      72
      57
      73
      60
      58
      56
      66
      57
      59
      63
      55
      54
      69
      63
      58
      67
      58
      51
      61
      62
      56
      51
      65
      65
      54
      56
      57
      62
      60
      56
      50
      53
      59
      51
      51
      45
      61
      60
      62
      51
      44
      62
      46
      51
      59
      44
      47
      53
      42
      51
      50
      40
      43
      46
      49
      47
      49
      40
      44
      46
      48
      46
      32
      41
      37
      45
      52
      34
      56
      56
      30
      27
      46
      34
      61
      42
      38
      43
      47
      39
      41
      37
      38
      35
      32
      39
      46
      32
      43
      26
      34
      44
      47
      30
      40
      37
      43
      30
      27
      32
      26
      37
      39
      30
      45
      32
      32
      36
      45
      38
      38
      34
      32
      34
      32
      25
      29
      30
      41
      36
      42
      42
      42
      35
      29
      38
      26
      26
      35
      35
      38
      47
      33
      45
      41
      36
      35
      31
      43
      30
      52
      45
      28
      39
      40
      32
      35
      37
      38
      44
      35
      48
      39
      52
      35
      40
      32
      34
      28
      40
      33
      39
      42
      30
      45
      46
      49
      47
      44
      44
      44
      66
      49
      51
      55
      43
      44
      42
      46
      48
      49
      66
      50
      57
      56
      53
      53
      61
      41
      50
      52
      44
      65
      69
      51
      55
      61
      65
      38
      66
      30
      50
      53
      54
      55
      44
      47
      44
      62
      31
      56
      55
      38
      55
      39
      41
      33
      45
      40
      47
      29
      30
      27
      26
      41
      26
      26
      18
      29
      18
      21
      34
      21
      18
      13
      11
      15
      10
      10
      12
      11
       5
      10
       8
      12
      11
      10
       6
      14
       6
       4
      11
       3
       6
       7
       4
       3
       8
       7
       5
       9
       4
       0
       3
       2
       2
       1
       5
       4
       0
       4
       2
       4
       5
       7
       4
       1
       7
       3
       4
       3
       1
       3
       3
       2
       3
       3
       1
       2
       2
       1
       4
       1
       5
       4
       5
       3
       3
       0
       6
       7
       3
       2
       2
       2
       4
       2
       1
       4
       4
       2
       4
       5
       4
       7
       3
       4
       2
       4
       0
       0
       5
       5
       5
       2
       1
       3
       4
       6
       3
       4
       1
       1
       3
       2
       1
       4
       6
       3
       4
       1
       1
       3
       5
       1
       2
       3
       2
       1
       2
       1
       1
       3
       1
       2
       3
       5
       2
       1
       4
       3
       4
       3
       1
       2
       2
       2
       2
       2
       2
       2
       1
       2
       3
       4
       3
       2
       3
       1
       1
       1
       0
       2
       3
       2
       2
       2
       2
       4
       2
       2
       1
       1
       4
       1
       3
       2
       1
       0
       0
       5
       1
       3
       2
       2
       3
       4
       1
       2
       3
       2
       1
       5
       1
       1
       1
       1
       1
       1
       2
       1
       2
       1
       4
       2
       1
       3
       0
       2
       2
       2
       2
       2
       1
       1
       1
       0
       1
       2
       2
       0
       3
       0
       0
       1
       1
       2
       3
       0
       0
       0
       2
       5
       2
       1
       1
       1
       1
       1
       2
       4
       1
       1
       1
       2
       0
       0
       1
       1
       0
       0
       1
       3
       0
       2
       1
       0
       1
       2
       1
       1
       0
       2
       0
       1
       2
       3
       1
       1
       0
       0
       0
       1
       0
       1
       0
       1
       0
       1
       0
       0
       0
       1
       1
       1
       3
       1
       1
       3
       1
       1
       1
       0
       3
       0
       0
       0
       0
       0
       2
       0
       0
       0
       1
       1
       0
       0
       1
       0
       0
       1
       3
       1
       0
       1
       0
       1
       0
       0
       0
       0
       1
       0
       1
       4
       0
       5
       1
       1
       0
       0
       0
       0
       0
       0
       1
       1
       1
       0
       1
       0
       0
       0
       3
       1
       0
       1
       1
       0
       0
       0
       0
       0
       0
       0
       2
       0
       0
       0
       1
       0
       0
       1
       0
       0
       1
       0
       0
       2
       2
       0
       1
       0
       0
       0
       0
       2
       0
       0
       0
       0
       2
       2
       0
       2
       0
       1
       1
       0
       0
       1
       0
       0
       0
       1
       1
       0
       0
       0
       2
       1
       1
       0
       0
       1
       0
       1
       1
       0
       1
       1
       0
       0
       0
       0
       1
       1
       0
       0
       0
       1
       3
       0
       2
       2
       0
       2
       0
       0
       0
       1
       0
       1
       0
       0
       1
       0
       0
       0
       0
       0
       0
       0
       0
       0
       1
       0
       0
       0
       1
       1
       0
       0
       0
       0
       1
       0
       2
       2
       1
       0
       0
       0
       0
       1
       0
       0
       0
       0
       0
       0
       0
       0
       0
       1
       1
       0
       0
       0
       0
       0
       0
       0
       1
       0
       0
       0
       1
       0
       1
       0
       0
       0
       0
       0
       0
       0
       0
       0
       0
       0
       0
       0
       0
       0
       0
       0
       0
       0
       0
       0
       0
       0
       0
       0
       0
       0
       0
       0
       0
       0
       0
       0
       0
       0
       0
       0
       0
       0
       0
       0
       0
       0
       1
       0
       0
       0
       0
       0
       0
       0
       0
       0
       0
       0
       0
       0
       0
       0
       0
       0
       0
       0
       0
       0
       0
       0
       0
       0
       0
       0
       0
       0
       0
       0
       0
       0
       0
       0
       0
       0
       0
       0
       0
       0
       0
       0
       0
       0
       0
       0
       0
       0
       0
       0
       0
       0
       0
       0
       0
       0
       0
       1
       0
       1
       0
       0
       0
       0
       0
       0
       0
       0
       1
       0
       0
       0
       1
       1
       0
       0
       0
       0
       1
       0
       0
       0
       1
       0
       0
       0
       0
       0
       0
       0
       0
       0
       0
       0
       0
       0
       0
       0
       0
       0
       0
       0
       0
       0
       0
       0
       0
       0
       0
       0
       0
       0
       0
       0
       0
       0
       0
       0
       1
       0
       0
       0
       0
       0
       0
       0
       0
       0
       0
       0
       0
       0
       0
       0
       0
       0
       0
       0
       0
       0
       0
       0
       0
       0
       1
       0
       0
       1
       0
       0
       0
       0
       0
       0
       0
       0
       0
       0
       0
       0
       0
       0
       0
       0
       0
       0
       0
       0
       0
       0
       0
       0
       0
       0
       0
       0
       0
       0
       0
       0
       0
       0
       0
       0
       0
       1
       0
       0
       0
       0
       0
       0
       0
       0
       0
       0
       0
       0
       1
       0
       0
       0
       0
       0
       0
       0
       0
       0
       0
       0
       0
       0
       0
       0
       0
       0
       0
       0
       0
       0
       0
       0
       0
       0
       0
       1
       1
       0
       0
       0
       0
       0
       0
       0
       0
       0
       0
       0
       0
       0
       0
       0
       0
       0
       0
       0
       0
       0
       0
       1
       0
       0
       0
       0
       0
       0
       0
       0
       0
       0
       0
       0
       0
       0
       0
       0
       0
       0
       0
       0
       0
       0
       0
       0
       0
       0
       0
       0
       0
       0
       0
       0
       0
       0
       0
       0
       0
       0
       0
       0
       0
       0
       0
       0
       0
       0
       0
       0
       0
       0
       0
       0
       0
       0
       0
       0
       0
       0
       1
       0
       0
       0
       0
       0
       0
       0
       0
       0
       0
       0
       1
       0
       0
       0
       0
       0
       0
       0
       0
       0
       0
       0
       0
       0
       0
       0
       1
       0
       0
       0
       0
       0
       0
       0
       0
       0
       0
       0
       0
       0
       0
       0
       0
       0
       0
       0
       0
       0
       0
       0
       0
       0
       0
       0
       0
       0
       0
       0
       0
       0
       0
       0
       0
       0
       0
       0
       0
       0
       0
       0
       0
       0
       0
       0
       0
       0
       0
       0
       0
       0
       0
       0
       0
       0
       0
       0
       0
       0
       0
       0
       0
       0
       0
       0
       0
       0
       0
       0
       0
       0
       0
       0
       0
       0
       0
       0
       0
       0
       0
       0
       0
       0
       0
       0
       0
       0
       0
       0
       0
       0
       0
       1
       0
       0
       0
       0
       0
       0
       0
       0
       0
       0
       0
       0
       0
       0
       0
       0
       0
       0
       0
       0
       0
       0
       0
       0
       0
       0
       0
       0
       0
       0
       0
       0
       0
       0
       0
       0
       0
       0
       0
       0
       0
       0
       0
       0
       0
       0
       0
       0
       1
       0
       0
       0
       0
       0
       0
       0
       0
       0
       0
       0
       0
       0
       0
       0
       0
       0
       0
       0
       0
       0
       0
       0
       0
       0
       0
       0
       0
       0
       0
       0
       0
       0
       0
       0
       0
       0
       0
       0
       0
       0
       0
       0
       0
       0
       0
       0
       0
$ROI:
3
467 519
798 859
891 976
$PRESETS:
None
0
0
$ENER_FIT:
-69.858078 1.501448
$MCA_CAL:
3
-6.985808E+001 1.501448E+000 0.000000E+000 keV
$SHAPE_CAL:
3
-2.666085E+001 7.480167E-002 0.000000E+000
