$SPEC_ID:
No sample description was entered.
$SPEC_REM:
DET# 1
DETDESC# DESKTOP-95CNEVU Easy-MCA-2k SN 16145343
AP# Maestro Version 7.01
$DATE_MEA:
09/27/2018 15:20:26
$MEAS_TIM:
1890 1901
$DATA:
0 2047
       0
       0
       0
       0
       0
       0
       0
       0
       0
       0
       0
       0
       0
     119
     273
     436
     431
     421
     400
     429
     455
     450
     441
     411
     472
     438
     481
     447
     452
     423
     524
     552
     530
     507
     464
     542
     546
     559
     538
     566
     597
     601
     635
     671
     592
     569
     578
     578
     546
     556
     568
     600
     567
     650
     639
     564
     655
     688
     697
     710
     878
    1009
    1265
    1448
    1688
    1808
    1786
    1751
    1608
    1389
    1306
    1189
    1213
    1152
    1116
    1068
    1051
     930
     886
     802
     740
     678
     715
     668
     701
     673
     716
     688
     673
     644
     700
     720
     729
     762
     718
     685
     761
     781
     756
     774
     760
     777
     766
     833
     784
     771
     824
     775
     818
     815
     785
     807
     777
     800
     842
     864
     777
     833
     840
     838
     867
     861
     868
     826
     822
     882
     882
     900
     912
     916
     924
     923
     973
     919
     990
     964
    1072
    1022
    1087
    1069
    1042
    1044
    1106
    1050
    1064
    1084
    1042
    1123
    1080
    1089
    1111
    1149
    1048
    1071
    1104
    1108
    1036
    1086
    1027
    1065
    1091
    1031
    1069
     987
    1069
     995
    1140
    1055
    1051
    1055
    1083
    1005
    1054
    1029
    1039
    1032
     998
    1045
     983
    1032
    1059
    1020
     962
    1028
     954
     974
    1061
     966
     921
     981
     986
     997
     968
     966
     959
     969
     918
     939
     984
     939
     981
     925
     923
     988
     948
     906
     919
     958
     876
     936
     909
     948
     889
     947
     928
     869
     899
     944
     908
     893
     898
     886
     902
     899
     897
     891
     939
     877
     873
     842
     890
     857
     887
     833
     920
     832
     854
     832
     851
     854
     826
     838
     789
     801
     771
     786
     757
     721
     678
     712
     735
     674
     681
     653
     617
     662
     655
     633
     630
     612
     585
     604
     621
     564
     559
     510
     548
     527
     561
     576
     559
     543
     489
     504
     485
     538
     484
     517
     485
     477
     493
     469
     444
     449
     436
     436
     477
     474
     410
     434
     427
     453
     447
     398
     511
     439
     428
     447
     453
     425
     400
     405
     420
     405
     441
     413
     402
     399
     385
     416
     399
     418
     401
     402
     406
     383
     357
     365
     363
     404
     365
     373
     354
     328
     350
     384
     346
     367
     384
     387
     386
     386
     385
     388
     367
     333
     380
     410
     419
     428
     422
     459
     484
     505
     516
     553
     645
     678
     770
     810
     974
    1086
    1118
    1303
    1369
    1535
    1661
    1903
    2115
    2239
    2332
    2530
    2816
    2990
    3186
    3422
    3510
    3772
    3970
    4111
    4242
    4334
    4522
    4555
    4503
    4492
    4510
    4522
    4449
    4282
    4092
    3927
    3651
    3504
    3321
    2961
    2795
    2537
    2219
    2074
    1831
    1663
    1452
    1297
    1142
     959
     835
     719
     623
     536
     472
     437
     362
     321
     252
     254
     259
     220
     211
     184
     207
     176
     164
     157
     151
     165
     157
     169
     169
     162
     163
     140
     153
     145
     167
     156
     164
     152
     167
     153
     165
     156
     151
     129
     175
     163
     164
     134
     167
     166
     156
     163
     167
     148
     154
     150
     148
     137
     153
     155
     168
     134
     140
     152
     151
     154
     155
     135
     165
     167
     127
     169
     149
     123
     160
     162
     160
     167
     172
     155
     161
     167
     152
     145
     139
     175
     155
     138
     130
     151
     134
     149
     136
     159
     145
     166
     142
     155
     132
     153
     139
     180
     151
     128
     118
     145
     139
     130
     149
     169
     159
     129
     141
     134
     174
     125
     156
     140
     139
     124
     133
     157
     129
     138
     116
     143
     155
     117
     122
     124
     129
     147
     141
     130
     122
     118
     128
     124
     161
     132
     142
     142
     123
     120
     115
     143
     128
     144
     115
     149
     129
     123
     143
     122
     137
     124
     139
     143
     146
     132
     125
     128
     145
     136
     145
     104
     142
     131
     116
     130
     136
     147
     111
     132
     118
     110
     138
     163
     153
     128
     125
     138
     140
     118
     143
     125
     130
     120
     129
     115
     173
     139
     123
     127
     140
     132
     144
     113
     123
     108
     115
     141
     119
     123
     127
     134
     127
     140
     120
     140
     143
     118
     130
     118
     130
     113
     136
     127
     140
     139
     134
     107
     130
     124
     108
     150
     157
     135
     127
     138
     161
     129
     116
     124
     118
     135
     139
     136
     140
     133
     130
     119
     121
     145
     134
     133
     137
     132
     136
     111
     137
     147
     127
     127
     129
     142
     137
     108
     132
     120
     123
     112
     126
     142
     130
     133
     117
     140
     148
     129
     121
     127
     124
     140
     116
     139
     152
     121
     124
     125
     136
     128
     151
     126
     158
     132
     153
     148
     126
     121
     121
     148
     135
     146
     139
     164
     152
     128
     152
     146
     146
     150
     146
     133
     144
     141
     141
     146
     137
     128
     152
     154
     122
     138
     123
     116
     150
     133
     127
     133
     131
     134
     138
     128
     144
     146
     140
     136
     118
     111
     130
      99
     142
     134
     128
     116
     134
     125
     112
     116
     118
     124
     107
     110
      97
     105
     102
     108
      99
      98
      84
      83
      92
     106
     110
      96
     102
      82
      82
      88
      72
      62
      63
      71
      70
      74
      63
      62
      70
      71
      83
      61
      72
      60
      64
      64
      66
      54
      48
      59
      53
      48
      68
      55
      61
      54
      46
      45
      55
      53
      60
      45
      39
      54
      44
      54
      51
      45
      52
      37
      57
      51
      41
      50
      62
      41
      32
      37
      44
      31
      49
      37
      46
      42
      32
      39
      44
      41
      39
      34
      43
      41
      44
      33
      41
      48
      41
      38
      49
      47
      46
      52
      35
      49
      47
      39
      60
      63
      56
      62
      45
      49
      49
      65
      54
      69
      65
      78
      74
      64
      89
      88
      94
     104
     109
     109
      90
     125
     131
     140
     161
     166
     141
     173
     176
     200
     217
     206
     209
     256
     259
     255
     295
     331
     335
     330
     347
     386
     377
     374
     419
     463
     473
     539
     514
     538
     518
     521
     586
     607
     641
     610
     616
     591
     629
     637
     666
     656
     624
     664
     601
     661
     644
     665
     682
     620
     619
     635
     606
     600
     568
     565
     520
     505
     514
     514
     453
     443
     437
     425
     382
     356
     345
     324
     326
     268
     276
     217
     225
     200
     208
     203
     154
     142
     132
     133
     112
     103
      85
     112
      99
      82
      71
      68
      55
      60
      53
      35
      45
      26
      34
      29
      34
      34
      26
      28
      22
      34
      20
      16
      19
      19
      17
      10
      10
      17
      16
      11
      13
      15
      18
      15
      17
      15
      14
      12
      12
       7
      20
       9
      14
       7
      22
      13
      13
      17
      20
      15
      16
      15
      12
      15
      14
      16
      21
      21
      17
      16
      23
      18
      16
      19
      24
      19
      18
      32
      26
      21
      25
      21
      27
      27
      23
      19
      22
      24
      22
      26
      22
      25
      26
      25
      25
      27
      20
      22
      27
      17
      21
      17
      19
      14
      24
      18
      25
      24
      16
      18
      27
      23
      30
      20
      16
      20
      22
      18
      18
      21
      15
      19
      19
      11
      17
      11
      18
      18
      10
      12
      18
      14
      12
      14
      11
       8
      15
      12
      14
      12
      14
       5
       6
      14
      14
       8
      12
       8
      11
       5
      11
       7
      13
       9
      12
      10
       8
       6
      17
      15
       8
       7
       5
       4
       8
       7
      11
      11
       6
      14
       7
       2
      12
      11
      12
      11
       6
       9
       9
       9
      12
      10
       9
       7
       5
       4
       6
       5
       7
       7
       6
      12
       7
       5
      13
       6
       4
       5
       9
       4
       4
       5
       4
       6
       9
      11
       6
       3
       7
       9
      10
       1
       7
       7
       8
       3
       2
       3
      10
       5
       5
       5
       3
       4
       6
       8
       5
       5
       3
       5
       3
       3
       6
       1
       7
       3
       4
       6
       5
       5
       8
       7
       3
       1
       6
       2
       3
       6
       1
       7
       2
       7
       5
       2
       4
       5
       7
       2
       6
       5
       4
       1
       5
       6
       1
       8
       6
       4
       4
       3
       3
       4
       6
       8
      10
       3
       6
       3
       9
       7
       3
       8
       7
       1
       5
       3
       6
       7
       7
       6
      10
       5
      12
       5
      11
       5
       7
       6
       5
       7
       8
      14
       4
       7
       9
       5
      15
       9
      14
      10
      11
      14
       8
      11
      19
      13
      11
      11
      11
      18
      16
      11
      12
      13
      13
      12
       7
      12
      15
      17
      13
      12
      11
      18
      15
       8
      14
       8
       8
      13
       9
      10
      21
       8
      12
      13
      10
      11
       7
      10
       9
       5
      10
      11
       9
      10
       6
      12
       4
       6
       6
       8
       7
       6
       3
       3
       4
       6
       5
       2
       4
       5
       4
       4
       5
       3
       3
       1
       4
       2
       4
       2
       2
       1
       1
       0
       0
       1
       1
       3
       1
       3
       2
       1
       3
       2
       4
       1
       0
       0
       1
       2
       2
       2
       3
       3
       0
       0
       3
       2
       0
       2
       1
       1
       0
       1
       1
       2
       0
       2
       3
       2
       2
       0
       2
       3
       2
       2
       1
       1
       1
       4
       1
       2
       1
       0
       0
       1
       0
       0
       0
       4
       0
       1
       1
       1
       1
       2
       2
       1
       4
       0
       0
       1
       2
       1
       0
       0
       4
       0
       3
       0
       3
       0
       2
       2
       2
       1
       2
       5
       4
       2
       2
       0
       0
       0
       0
       3
       2
       0
       2
       1
       1
       2
       2
       0
       2
       2
       2
       2
       3
       0
       0
       1
       0
       1
       1
       2
       1
       1
       4
       2
       4
       2
       2
       1
       2
       2
       2
       8
       2
       2
       2
       2
       3
       1
       3
       1
       0
       0
       1
       1
       2
       3
       3
       2
       1
       3
       0
       1
       5
       2
       1
       3
       2
       1
       1
       0
       4
       2
       0
       3
       2
       2
       1
       1
       1
       0
       0
       2
       1
       1
       3
       4
       1
       2
       2
       1
       1
       1
       1
       6
       4
       3
       0
       0
       3
       0
       5
       3
       2
       4
       4
       2
       2
       3
       3
       4
       3
       1
       1
       1
       1
       1
       0
       2
       4
       0
       1
       1
       2
       1
       0
       2
       3
       1
       0
       1
       2
       2
       0
       1
       2
       1
       0
       1
       1
       2
       2
       1
       0
       1
       2
       2
       1
       2
       1
       2
       3
       3
       1
       1
       3
       2
       0
       1
       1
       0
       0
       1
       1
       0
       1
       1
       1
       0
       0
       1
       1
       1
       3
       3
       3
       3
       1
       3
       2
       1
       0
       0
       1
       1
       0
       0
       1
       0
       1
       1
       0
       1
       0
       4
       1
       1
       0
       2
       0
       2
       1
       0
       1
       1
       0
       0
       1
       0
       0
       0
       0
       1
       0
       0
       1
       1
       2
       1
       0
       0
       0
       0
       0
       2
       0
       0
       1
       2
       1
       2
       0
       0
       1
       2
       1
       1
       0
       1
       0
       2
       3
       1
       0
       0
       0
       0
       1
       2
       0
       1
       1
       1
       1
       2
       1
       2
       1
       0
       1
       4
       1
       2
       0
       1
       0
       0
       2
       2
       1
       0
       2
       1
       0
       0
       0
       1
       2
       1
       2
       2
       1
       1
       1
       1
       0
       0
       2
       0
       2
       1
       1
       0
       0
       0
       1
       0
       0
       1
       1
       2
       1
       0
       1
       0
       0
       2
       1
       1
       1
       2
       0
       0
       3
       1
       0
       0
       1
       0
       1
       1
       0
       1
       0
       0
       1
       0
       2
       1
       0
       3
       3
       1
       2
       2
       1
       1
       2
       0
       1
       1
       0
       2
       3
       1
       1
       0
       1
       3
       1
       1
       3
       1
       0
       3
       1
       1
       3
       2
       2
       2
       2
       1
       2
       2
       2
       0
       0
       0
       1
       0
       2
       2
       1
       1
       1
       1
       2
       1
       1
       1
       2
       4
       2
       3
       1
       3
       3
       3
       3
       0
       2
       1
       1
       1
       2
       1
       1
       3
       1
       1
       1
       2
       0
       4
       2
       3
       4
       1
       2
       2
       2
       3
       1
       0
       1
       1
       1
       0
       4
       0
       1
       0
       2
       4
       1
       1
       0
       0
       0
       0
       1
       1
       0
       0
       0
       1
       1
       1
       1
       0
       1
       0
       1
       1
       0
       3
       0
       0
       0
       1
       0
       2
       0
       1
       0
       0
       0
       1
       2
       0
       0
       0
       0
       0
       1
       1
       0
       0
       0
       0
       0
       2
       0
       0
       0
       0
       2
       0
       0
       0
       1
       0
       1
       0
       0
       0
       0
       0
       0
       0
       0
       0
       0
       0
       0
       0
       0
       0
       2
       0
       3
       0
       0
       0
       0
       1
       1
       0
       0
       0
       0
       0
       1
       0
       0
       0
       0
       0
       0
       1
       0
       2
       0
       0
       0
       0
       0
       0
       0
       0
       1
       0
       0
       0
       1
       0
       0
       0
       0
       0
       0
       0
       1
       0
       0
       0
       0
       0
       0
       0
       0
       0
       0
       0
       0
       0
       0
       0
       0
       0
       0
       1
       0
       0
       0
       0
       1
       1
       0
       1
       1
       1
       0
       0
       0
       0
       0
       0
       0
       2
       0
       0
       1
       1
       1
       0
       0
       0
       2
       0
       0
       0
       0
       0
       0
       0
       0
       0
       1
       0
       0
       1
       0
       0
       0
       0
       2
       0
       0
       0
       0
       0
       0
       0
       1
       0
       0
       0
       1
       0
       1
       0
       0
       0
       0
       0
       0
       0
       0
       0
       0
       0
       0
       0
       0
       0
       0
       0
       0
       0
       0
       0
       0
       0
       0
       0
       0
       0
       0
       0
       0
       0
       0
       0
       0
       0
       0
       0
       0
       0
       0
       0
$ROI:
2
334 413
832 942
$PRESETS:
None
0
0
$ENER_FIT:
-69.858078 1.501448
$MCA_CAL:
3
-6.985808E+001 1.501448E+000 0.000000E+000 keV
$SHAPE_CAL:
3
-2.666085E+001 7.480167E-002 0.000000E+000
