$SPEC_ID:
No sample description was entered.
$SPEC_REM:
DET# 1
DETDESC# DESKTOP-1PP4NLM Easy-MCA-8k SN 09022235
AP# Maestro Version 7.01
$DATE_MEA:
02/08/2017 11:50:14
$MEAS_TIM:
950 951
$DATA:
0 1023
       0
       0
       0
       0
       0
       0
       0
       6
      45
    1323
    1212
     982
     791
     671
     658
     579
     574
     595
     520
     578
     541
     567
     562
     543
     628
     607
     553
     596
     631
     638
     580
     599
     588
     586
     576
     575
     575
     539
     520
     527
     542
     535
     511
     499
     493
     493
     518
     471
     482
     504
     499
     433
     492
     495
     444
     491
     456
     471
     487
     466
     466
     448
     464
     456
     433
     458
     425
     449
     451
     444
     432
     446
     425
     401
     431
     410
     425
     389
     395
     390
     416
     443
     384
     386
     420
     410
     418
     422
     391
     394
     380
     397
     388
     428
     391
     397
     381
     394
     453
     363
     390
     398
     390
     403
     393
     367
     400
     401
     404
     365
     395
     355
     398
     393
     418
     392
     407
     364
     372
     379
     394
     426
     367
     399
     405
     371
     401
     419
     386
     356
     384
     376
     371
     372
     387
     453
     441
     406
     435
     441
     448
     423
     439
     394
     421
     418
     419
     409
     445
     429
     465
     444
     445
     408
     434
     437
     488
     433
     432
     476
     436
     460
     428
     434
     452
     426
     396
     400
     387
     425
     399
     358
     349
     351
     342
     317
     347
     291
     306
     306
     321
     295
     296
     273
     321
     293
     292
     298
     265
     302
     251
     261
     266
     249
     264
     293
     261
     269
     265
     251
     257
     244
     240
     252
     220
     227
     237
     197
     205
     195
     200
     212
     210
     197
     181
     166
     168
     184
     158
     154
     158
     161
     159
     169
     164
     168
     140
     154
     162
     166
     165
     155
     160
     150
     162
     157
     137
     152
     123
     144
     140
     130
     146
     144
     142
     133
     141
     140
     155
     141
     163
     141
     122
     124
     154
     133
     137
     141
     129
     105
     120
     132
     123
     142
     118
     115
     121
     118
     144
     135
     138
     127
     136
     124
     119
     141
     121
     137
     126
     112
     138
     132
     102
     147
     118
     129
     128
     135
     125
     123
     134
     115
     151
     117
     109
     124
     111
     109
     152
     135
     126
     137
     121
     135
     144
     147
     128
     148
     138
     128
     119
     158
     122
     151
     108
     141
     158
     155
     129
     136
     141
     150
     142
     151
     162
     153
     134
     156
     151
     166
     162
     168
     159
     157
     148
     169
     166
     171
     169
     171
     162
     164
     166
     185
     156
     171
     151
     216
     176
     170
     186
     176
     182
     195
     206
     209
     180
     172
     186
     181
     193
     186
     181
     206
     205
     189
     185
     161
     200
     195
     197
     198
     198
     205
     227
     193
     188
     179
     204
     182
     187
     219
     202
     204
     202
     209
     196
     191
     213
     191
     190
     216
     242
     204
     222
     212
     217
     208
     247
     227
     226
     244
     250
     282
     285
     276
     277
     256
     278
     298
     294
     298
     300
     313
     317
     332
     306
     334
     335
     322
     298
     338
     342
     355
     320
     330
     336
     330
     317
     324
     321
     319
     319
     272
     288
     271
     242
     293
     258
     251
     251
     223
     204
     211
     201
     216
     186
     194
     166
     176
     132
     145
     135
     150
     144
     128
     127
     112
     123
     120
     101
     106
      98
     104
      92
      90
     102
      97
      76
      60
      70
      56
      61
      66
      53
      49
      50
      48
      34
      26
      43
      43
      38
      25
      31
      27
      24
      29
      16
      14
      16
      17
      15
      11
      10
      22
       9
       7
       7
       9
       8
       8
      12
       7
       5
       5
       4
       5
       4
       3
      12
       3
       3
       4
       4
       6
       3
       6
       7
       5
       4
       4
       2
       6
       5
       3
       5
       9
       4
       4
       3
       4
       5
       2
       6
       6
       3
       3
       4
       3
       3
      10
       3
       4
       4
       3
       3
       5
       1
       4
       3
       4
       4
       5
       5
       6
       4
       7
       4
       3
       4
       3
       4
       5
       3
       5
       3
       6
       5
       4
       6
       4
       2
       4
       6
       6
       4
       1
       7
       7
       8
       8
       2
       4
       2
       5
       3
       4
       8
       3
       2
       6
       5
       3
       7
      11
      12
       5
       5
       5
       2
       5
       2
       7
       4
       3
       2
       7
       2
       2
       6
       6
       4
       5
       1
       8
       1
       7
       4
       4
       6
       5
       5
       3
       2
      11
       5
       4
       4
       5
       7
       6
       4
       4
       7
       3
       5
       2
       4
       2
       4
       5
       2
       1
       3
       6
       8
       4
       6
       5
       5
       5
       4
       5
       3
       6
       3
       2
       4
       3
       3
       4
       5
       1
       7
       2
       8
       2
       3
       5
       3
       4
       4
       6
       6
       4
       7
       7
       4
       4
       2
       4
       3
       4
       4
       3
       5
       1
       3
       3
       3
       0
       4
       1
       4
       5
       4
       1
       2
       4
       2
       2
       1
       1
       5
       2
       2
       3
       2
       2
       2
       1
       3
       0
       2
       2
       1
       4
       0
       2
       0
       1
       0
       2
       0
       7
       2
       3
       4
       4
       0
       0
       2
       1
       2
       1
       1
       3
       2
       1
       2
       1
       1
       1
       0
       1
       1
       1
       0
       1
       0
       0
       0
       1
       0
       1
       0
       2
       0
       1
       1
       1
       0
       1
       1
       1
       0
       0
       0
       0
       0
       0
       0
       1
       0
       0
       0
       0
       0
       0
       1
       1
       1
       1
       1
       0
       1
       0
       0
       0
       0
       1
       1
       0
       0
       1
       0
       0
       0
       0
       0
       0
       0
       0
       1
       0
       0
       1
       0
       0
       0
       0
       0
       0
       0
       1
       0
       1
       0
       1
       0
       0
       0
       0
       0
       1
       0
       0
       0
       0
       0
       0
       0
       1
       0
       0
       1
       0
       0
       1
       0
       0
       0
       0
       0
       0
       0
       0
       0
       1
       1
       1
       0
       0
       0
       0
       0
       0
       0
       0
       0
       0
       1
       0
       0
       0
       2
       0
       0
       0
       0
       0
       0
       0
       0
       1
       0
       0
       0
       1
       0
       0
       0
       0
       0
       0
       0
       0
       0
       0
       0
       0
       0
       0
       0
       0
       0
       0
       0
       0
       0
       0
       0
       0
       0
       0
       0
       0
       0
       0
       1
       0
       0
       0
       0
       0
       0
       0
       0
       0
       0
       0
       1
       0
       0
       2
       0
       0
       0
       0
       0
       0
       1
       0
       0
       1
       0
       0
       0
       0
       1
       1
       0
       0
       0
       0
       0
       1
       0
       1
       0
       0
       0
       0
       0
       0
       0
       0
       0
       0
       1
       0
       0
       0
       0
       0
       0
       0
       0
       0
       0
       0
       0
       0
       0
       0
       0
       0
       0
       0
       0
       0
       0
       0
       0
       0
       0
       0
       0
       0
       0
       0
       0
       0
       0
       0
       0
       0
       0
       0
       0
       0
       0
       0
       0
       0
       0
       0
       0
       0
       0
       0
       0
       0
       0
       0
       0
       0
       0
       0
       0
       0
       0
       0
$ROI:
0
$PRESETS:
None
0
0
$ENER_FIT:
0.000000 0.000000
$MCA_CAL:
3
0.000000E+000 0.000000E+000 0.000000E+000 
$SHAPE_CAL:
3
0.000000E+000 0.000000E+000 0.000000E+000
