$SPEC_ID:
No sample description was entered.
$SPEC_REM:
DET# 1
DETDESC# DESKTOP-1PP4NLM Easy-MCA-8k SN 09022235
AP# Maestro Version 7.01
$DATE_MEA:
02/08/2017 11:50:14
$MEAS_TIM:
6808 6814
$DATA:
0 1023
       0
       0
       0
       0
       0
       0
       0
      35
     241
    9373
    8730
    6767
    5705
    4915
    4620
    4323
    4196
    4262
    4092
    4016
    4089
    4030
    3973
    4144
    4176
    4168
    4180
    4410
    4362
    4548
    4343
    4442
    4274
    4255
    4153
    3954
    3863
    3863
    3715
    3776
    3674
    3680
    3565
    3558
    3641
    3582
    3617
    3500
    3417
    3496
    3467
    3367
    3490
    3440
    3242
    3331
    3381
    3220
    3242
    3230
    3237
    3208
    3166
    3261
    3207
    3279
    3167
    3152
    3196
    3256
    3165
    3068
    3095
    3096
    3159
    3009
    3023
    3043
    2995
    3039
    3024
    3072
    2946
    3028
    3015
    2953
    3019
    2940
    3002
    2903
    2973
    2954
    2846
    3043
    2877
    2907
    2963
    2866
    2957
    2812
    2893
    2863
    2902
    2867
    2827
    2825
    2905
    2898
    2855
    2764
    2803
    2854
    2802
    2708
    2759
    2851
    2905
    2741
    2796
    2741
    2885
    2952
    2754
    2813
    2855
    2783
    2843
    2883
    2918
    2762
    2929
    2892
    2858
    2883
    2914
    2924
    2944
    2999
    2966
    2979
    3056
    2965
    3070
    3016
    3085
    3053
    3105
    3042
    3132
    3111
    3135
    3205
    3148
    3132
    3144
    3250
    3204
    3216
    3066
    3228
    3072
    3164
    3075
    3108
    3053
    2959
    2917
    2910
    2916
    2840
    2782
    2621
    2582
    2661
    2554
    2448
    2394
    2352
    2280
    2105
    2144
    2105
    2166
    1936
    2052
    2092
    1948
    2064
    1932
    1963
    1956
    1842
    1975
    1895
    1870
    1887
    1856
    1855
    1893
    1811
    1806
    1816
    1755
    1705
    1711
    1710
    1638
    1522
    1621
    1521
    1461
    1400
    1391
    1386
    1341
    1254
    1286
    1322
    1172
    1199
    1157
    1154
    1126
    1176
    1085
    1117
    1062
    1107
    1077
    1100
    1084
    1120
    1049
    1118
    1126
    1160
    1064
    1079
    1024
    1047
    1114
    1056
    1015
    1037
    1000
     992
    1001
     986
    1017
     969
    1030
     988
     934
     969
     934
     977
     918
     939
     936
     916
     917
     918
     966
     939
     924
     922
     905
     963
     952
     882
     944
     960
     863
     899
     965
     946
     903
     951
     910
     911
     907
     943
     862
     948
     870
     936
     926
     937
     873
     901
     851
     942
     915
     904
     929
     896
     917
     945
     934
     909
     961
     895
     951
     959
     952
     968
     944
     957
     979
     971
    1012
    1005
     969
     997
    1043
     927
    1033
    1014
     945
    1043
    1084
    1037
    1010
    1099
    1110
    1107
    1023
    1118
    1067
    1141
    1173
    1156
    1147
    1157
    1160
    1238
    1156
    1220
    1177
    1229
    1212
    1213
    1261
    1287
    1254
    1303
    1187
    1295
    1282
    1276
    1341
    1348
    1375
    1331
    1316
    1338
    1407
    1372
    1370
    1322
    1368
    1367
    1454
    1496
    1427
    1304
    1418
    1362
    1418
    1470
    1511
    1430
    1447
    1522
    1482
    1450
    1435
    1438
    1447
    1472
    1467
    1448
    1516
    1459
    1431
    1509
    1464
    1501
    1552
    1529
    1524
    1570
    1589
    1641
    1593
    1570
    1625
    1699
    1736
    1749
    1753
    1883
    1874
    1851
    1940
    1939
    2038
    2082
    2081
    2119
    2183
    2166
    2227
    2210
    2242
    2463
    2258
    2404
    2385
    2444
    2429
    2493
    2379
    2454
    2308
    2425
    2368
    2286
    2254
    2263
    2202
    2222
    2093
    1954
    1988
    1962
    1760
    1792
    1756
    1702
    1626
    1614
    1485
    1474
    1425
    1349
    1329
    1235
    1222
    1146
    1098
    1048
    1047
    1038
     970
     909
     891
     857
     879
     834
     794
     738
     736
     670
     697
     655
     613
     589
     554
     550
     509
     430
     434
     425
     401
     366
     317
     377
     311
     286
     288
     229
     228
     199
     194
     168
     159
     153
     135
     124
     108
      96
     103
      85
     103
      81
      66
      60
      58
      57
      51
      48
      56
      41
      55
      51
      33
      46
      43
      26
      36
      35
      38
      29
      24
      36
      31
      37
      38
      40
      48
      38
      30
      39
      39
      34
      33
      44
      37
      39
      41
      30
      27
      38
      36
      30
      27
      34
      38
      25
      38
      38
      30
      34
      33
      37
      28
      29
      32
      38
      34
      35
      33
      31
      37
      43
      23
      33
      26
      23
      37
      38
      25
      33
      42
      45
      52
      28
      30
      25
      41
      27
      33
      24
      40
      34
      35
      23
      35
      43
      32
      34
      26
      29
      37
      36
      32
      35
      29
      22
      39
      40
      31
      27
      33
      43
      42
      34
      34
      38
      32
      40
      26
      34
      33
      29
      25
      28
      21
      33
      34
      30
      29
      39
      29
      47
      32
      33
      33
      43
      39
      34
      32
      40
      35
      44
      32
      44
      31
      37
      28
      32
      33
      39
      29
      31
      28
      40
      35
      41
      36
      38
      36
      33
      36
      33
      36
      34
      31
      30
      28
      40
      37
      36
      33
      44
      32
      29
      42
      31
      34
      29
      34
      26
      45
      29
      44
      20
      29
      27
      24
      36
      24
      34
      33
      20
      32
      27
      30
      27
      31
      29
      27
      30
      25
      29
      23
      21
      33
      19
      29
      17
      23
      14
      28
      21
      14
      18
      23
      19
      27
      10
      14
      15
      16
      14
      21
      21
      19
      19
      16
      11
      15
      14
      10
       9
      19
      16
       8
      16
      14
      12
      19
      14
      16
      16
      13
      13
      16
      12
       8
       9
      10
      11
      11
      10
      12
       9
      12
      10
       8
       9
       6
      10
      11
       8
       3
       5
       5
       4
       8
       5
       1
       6
       7
       6
       5
       6
       5
       4
       7
       5
       4
       6
       9
       2
       5
       7
       3
       3
       5
       2
       4
       3
       2
       1
       0
       3
       3
       4
       3
       4
       3
       2
       3
       3
       3
       2
       4
       4
       0
       1
       3
       2
       1
       2
       1
       2
       0
       0
       0
       1
       1
       3
       5
       2
       2
       1
       0
       1
       4
       1
       1
       0
       2
       4
       0
       2
       2
       3
       3
       3
       1
       1
       1
       2
       1
       0
       0
       1
       2
       0
       1
       1
       2
       4
       1
       1
       0
       1
       3
       1
       0
       1
       1
       2
       0
       0
       0
       1
       1
       3
       1
       0
       1
       3
       0
       1
       1
       0
       0
       0
       2
       0
       0
       1
       2
       1
       1
       0
       1
       0
       2
       2
       0
       3
       1
       3
       1
       1
       0
       3
       0
       0
       0
       1
       1
       1
       1
       0
       1
       2
       1
       0
       0
       2
       0
       0
       1
       1
       1
       0
       2
       3
       0
       1
       4
       2
       0
       0
       3
       1
       0
       1
       0
       2
       0
       1
       1
       1
       0
       0
       2
       1
       0
       3
       1
       1
       0
       2
       1
       1
       2
       0
       1
       1
       0
       0
       2
       1
       1
       3
       2
       0
       1
       2
       2
       1
       1
       2
       0
       0
       0
       1
       1
       2
       0
       0
       1
       2
       1
       0
       0
       1
       2
       0
       0
       0
       0
       0
       0
       0
       0
       0
       0
       0
       0
       0
       0
       0
       0
       0
       0
       0
       0
       0
       0
       0
       0
       0
       0
       0
       0
       0
       0
       0
       0
       0
       0
       0
       0
       0
       0
       0
       0
       0
       0
       0
       0
       0
       0
       0
       0
       0
       0
       0
       0
       0
       0
       0
       0
       0
       0
       0
$ROI:
0
$PRESETS:
None
0
0
$ENER_FIT:
0.000000 0.000000
$MCA_CAL:
3
0.000000E+000 0.000000E+000 0.000000E+000 
$SHAPE_CAL:
3
0.000000E+000 0.000000E+000 0.000000E+000
