$SPEC_ID:
No sample description was entered.
$SPEC_REM:
DET# 1
DETDESC# DESKTOP-1PP4NLM Easy-MCA-8k SN 09022235
AP# Maestro Version 7.01
$DATE_MEA:
02/08/2017 11:44:42
$MEAS_TIM:
294 295
$DATA:
0 1023
       0
       0
       0
       0
       0
       0
       0
       0
      22
     940
    1235
    1416
    1401
    1322
    1316
    1188
    1115
    1074
    1024
     981
    1034
    1038
     944
     946
    1007
     980
    1046
     969
    1000
    1024
     992
     969
    1023
     945
     994
     925
     955
     998
    1022
     934
     963
     948
     899
     920
     928
     957
     951
     912
     986
     930
     930
     928
     890
     913
     916
     847
     938
     848
     841
     866
     973
     870
     867
     912
     847
     864
     852
     877
     875
     880
     836
     931
     919
     834
     878
     792
     853
     800
     840
     845
     844
     847
     882
     791
     836
     820
     823
     812
     721
     844
     814
     782
     788
     808
     791
     799
     830
     812
     791
     762
     843
     775
     761
     779
     745
     769
     774
     734
     753
     751
     716
     772
     747
     830
     736
     705
     703
     720
     699
     721
     759
     727
     702
     705
     673
     673
     727
     710
     697
     729
     708
     738
     749
     688
     674
     754
     714
     700
     721
     674
     680
     638
     624
     645
     687
     718
     693
     703
     701
     706
     687
     708
     717
     658
     682
     725
     755
     719
     732
     711
     690
     701
     706
     751
     739
     706
     708
     702
     692
     714
     746
     759
     728
     722
     678
     750
     749
     715
     733
     731
     787
     771
     798
     809
     778
     772
     778
     770
     789
     785
     764
     788
     766
     759
     768
     809
     749
     773
     793
     733
     743
     709
     694
     698
     676
     632
     637
     607
     578
     601
     549
     602
     516
     479
     481
     444
     442
     389
     397
     375
     355
     332
     322
     284
     273
     284
     256
     258
     226
     232
     213
     206
     189
     183
     178
     154
     181
     135
     132
     145
     135
     126
     138
     104
     118
     104
     124
     109
      89
      95
     113
      80
      88
     102
      95
      86
      92
      71
      98
      86
      93
      89
      73
      63
      81
      99
      60
      80
      71
      78
      57
      69
      62
      56
      65
      64
      57
      63
      40
      43
      51
      39
      28
      34
      38
      30
      32
      22
      17
      20
      21
      14
      25
      12
      11
       9
      14
      11
      13
       7
       9
      12
       5
      10
       3
       0
       3
       4
       5
       1
       3
       7
       1
       3
       1
       5
       2
       1
       3
       2
       2
       4
       4
       2
       1
       2
       3
       3
       2
       1
       1
       2
       7
       3
       1
       3
       4
       1
       3
       7
       2
       3
       1
       2
       2
       0
       2
       0
       0
       1
       1
       0
       0
       2
       1
       2
       0
       3
       1
       2
       0
       3
       2
       0
       0
       1
       1
       2
       2
       0
       1
       4
       0
       1
       0
       0
       3
       1
       1
       4
       2
       1
       2
       2
       1
       1
       2
       3
       4
       0
       0
       0
       0
       0
       1
       0
       1
       2
       0
       1
       4
       1
       0
       0
       2
       0
       2
       2
       0
       0
       4
       4
       1
       5
       1
       1
       2
       3
       1
       1
       3
       4
       3
       7
       0
       3
       2
       2
       2
       4
       3
       1
       4
       4
       1
       0
       1
       1
       1
       5
       0
       1
       2
       3
       4
       3
       4
       1
       4
       2
       3
       3
       0
       0
       1
       0
       0
       3
       1
       2
       0
       1
       0
       1
       3
       0
       2
       1
       2
       2
       1
       1
       0
       0
       2
       3
       3
       2
       1
       0
       1
       1
       1
       0
       1
       0
       0
       1
       0
       1
       1
       1
       2
       0
       0
       0
       0
       0
       0
       0
       0
       1
       0
       0
       0
       0
       1
       0
       0
       1
       0
       1
       1
       0
       0
       1
       1
       0
       0
       0
       0
       1
       1
       0
       0
       0
       0
       0
       1
       0
       1
       0
       0
       1
       0
       1
       0
       0
       0
       0
       0
       0
       0
       0
       0
       0
       0
       0
       0
       0
       0
       0
       0
       1
       0
       1
       0
       0
       0
       0
       1
       1
       0
       1
       0
       0
       0
       0
       0
       0
       1
       2
       1
       0
       0
       0
       0
       0
       0
       0
       0
       0
       0
       0
       2
       0
       1
       1
       0
       1
       0
       0
       0
       1
       0
       0
       0
       0
       0
       0
       0
       1
       0
       0
       0
       0
       0
       0
       0
       0
       0
       1
       0
       0
       0
       1
       0
       0
       0
       0
       0
       0
       0
       0
       0
       1
       0
       0
       0
       0
       0
       0
       0
       0
       0
       0
       0
       0
       0
       0
       0
       0
       0
       0
       0
       0
       0
       0
       0
       0
       0
       0
       0
       0
       1
       0
       0
       0
       1
       1
       0
       0
       0
       0
       0
       0
       0
       0
       0
       0
       0
       0
       0
       0
       0
       0
       0
       0
       0
       0
       0
       0
       0
       1
       0
       0
       0
       0
       0
       0
       1
       0
       0
       0
       0
       0
       0
       1
       0
       0
       0
       0
       0
       0
       0
       0
       0
       0
       0
       0
       0
       0
       0
       0
       0
       1
       0
       0
       0
       0
       0
       0
       0
       0
       0
       0
       0
       0
       0
       0
       0
       0
       0
       1
       0
       0
       0
       0
       0
       0
       0
       0
       0
       0
       0
       0
       0
       0
       1
       0
       0
       0
       0
       0
       0
       0
       0
       0
       0
       0
       0
       0
       0
       0
       0
       0
       0
       0
       0
       1
       0
       0
       0
       1
       0
       0
       0
       0
       0
       0
       0
       0
       0
       0
       0
       0
       0
       0
       0
       0
       0
       0
       0
       0
       0
       0
       0
       0
       0
       0
       0
       0
       0
       1
       0
       0
       0
       0
       0
       0
       0
       0
       1
       0
       0
       0
       0
       0
       0
       0
       0
       0
       0
       0
       0
       0
       0
       0
       0
       0
       0
       0
       0
       0
       0
       0
       0
       0
       0
       0
       0
       0
       0
       1
       1
       0
       0
       0
       0
       0
       1
       0
       1
       0
       0
       0
       0
       0
       0
       0
       0
       0
       0
       1
       0
       0
       0
       0
       0
       0
       0
       0
       0
       0
       0
       0
       0
       1
       0
       0
       0
       0
       0
       0
       0
       0
       0
       0
       1
       0
       0
       0
       0
       1
       0
       0
       0
       0
       0
       0
       0
       0
       0
       0
       0
       0
       0
       0
       0
       0
       0
       0
       0
       0
       0
       0
       0
       0
       0
       0
       0
       0
       0
       0
       0
       0
       0
       0
       0
       0
       0
       0
       0
       0
       0
       1
       0
       0
       0
       0
       0
       0
       0
       0
       0
       0
       0
       0
       0
       0
       0
       0
       0
       0
       0
       0
       0
       0
       0
       1
       0
       0
       0
       0
       0
       0
       0
       0
       0
       0
       0
       0
       0
       0
       0
       0
       0
       0
       0
       0
       0
       0
       0
       0
       0
       0
       0
       0
       0
       0
       0
       0
       0
       0
       0
       0
       0
       0
       0
       0
       0
       0
       0
       0
       0
       0
       0
       0
       0
       0
       0
       0
       0
       0
       0
       0
       0
       0
       0
       0
       0
       0
       0
       0
$ROI:
0
$PRESETS:
None
0
0
$ENER_FIT:
0.000000 0.000000
$MCA_CAL:
3
0.000000E+000 0.000000E+000 0.000000E+000 
$SHAPE_CAL:
3
0.000000E+000 0.000000E+000 0.000000E+000
