$SPEC_ID:
No sample description was entered.
$SPEC_REM:
DET# 1
DETDESC# DESKTOP-1PP4NLM Easy-MCA-8k SN 09022235
AP# Maestro Version 7.01
$DATE_MEA:
02/08/2017 11:11:30
$MEAS_TIM:
1108 1110
$DATA:
0 1023
       0
       0
       0
       0
       0
       0
       0
       1
       3
     391
     416
     387
     336
     295
     302
     287
     275
     278
     267
     245
     267
     217
     228
     243
     226
     243
     225
     250
     234
     229
     262
     256
     231
     242
     265
     259
     243
     235
     229
     270
     226
     224
     252
     255
     264
     248
     279
     230
     253
     253
     269
     245
     259
     266
     269
     270
     258
     284
     260
     268
     297
     279
     254
     266
     271
     262
     284
     267
     288
     289
     283
     273
     299
     279
     278
     302
     293
     293
     301
     297
     285
     288
     295
     296
     282
     271
     293
     318
     309
     299
     306
     299
     328
     296
     304
     301
     305
     305
     330
     327
     356
     302
     311
     307
     328
     312
     304
     352
     329
     324
     314
     340
     346
     304
     316
     308
     305
     340
     284
     320
     334
     353
     324
     316
     341
     351
     317
     330
     329
     331
     372
     351
     338
     343
     328
     324
     324
     345
     349
     318
     321
     354
     307
     368
     353
     358
     317
     333
     340
     358
     342
     343
     328
     356
     345
     387
     320
     341
     347
     333
     341
     386
     355
     357
     335
     380
     371
     378
     355
     344
     350
     356
     389
     332
     359
     387
     331
     339
     409
     391
     348
     368
     368
     340
     374
     379
     371
     373
     381
     346
     347
     359
     401
     374
     380
     419
     378
     373
     399
     354
     373
     386
     389
     369
     389
     350
     364
     370
     384
     353
     378
     386
     354
     330
     346
     350
     367
     382
     359
     377
     368
     396
     362
     388
     373
     413
     375
     387
     374
     382
     410
     380
     371
     371
     365
     381
     373
     363
     385
     384
     407
     367
     370
     373
     367
     383
     392
     408
     374
     390
     393
     395
     392
     371
     405
     395
     387
     366
     364
     404
     394
     372
     365
     398
     400
     401
     404
     424
     407
     374
     367
     391
     361
     372
     364
     364
     422
     415
     400
     391
     405
     394
     387
     419
     378
     407
     390
     402
     382
     421
     398
     371
     409
     397
     411
     406
     391
     407
     406
     385
     388
     404
     424
     393
     394
     402
     396
     438
     386
     368
     430
     404
     383
     395
     411
     417
     398
     389
     419
     388
     420
     368
     412
     426
     391
     388
     397
     392
     379
     390
     412
     423
     399
     390
     381
     392
     347
     376
     390
     359
     392
     412
     387
     374
     385
     357
     355
     375
     366
     384
     374
     383
     392
     399
     387
     377
     357
     400
     367
     382
     374
     427
     401
     352
     388
     374
     375
     372
     387
     337
     367
     382
     375
     388
     372
     361
     378
     402
     362
     358
     337
     359
     398
     388
     369
     391
     388
     346
     376
     361
     362
     338
     388
     332
     363
     342
     351
     354
     370
     338
     347
     353
     359
     371
     378
     351
     374
     342
     352
     338
     371
     373
     367
     342
     334
     350
     389
     347
     370
     362
     355
     337
     345
     371
     364
     358
     349
     338
     383
     361
     343
     360
     328
     365
     370
     332
     341
     354
     337
     338
     352
     335
     337
     372
     339
     367
     355
     326
     351
     371
     347
     338
     341
     344
     344
     326
     326
     342
     329
     329
     355
     328
     320
     317
     341
     363
     297
     315
     306
     362
     317
     307
     325
     324
     340
     358
     319
     351
     356
     304
     339
     333
     330
     302
     342
     308
     318
     308
     316
     318
     309
     331
     309
     314
     304
     316
     327
     328
     298
     317
     319
     320
     327
     329
     306
     318
     316
     345
     320
     271
     291
     318
     318
     342
     323
     323
     331
     294
     334
     319
     303
     289
     284
     300
     304
     298
     295
     317
     272
     302
     284
     276
     308
     297
     311
     304
     308
     288
     302
     262
     294
     318
     312
     301
     302
     269
     271
     264
     312
     292
     289
     298
     306
     260
     269
     291
     287
     290
     311
     291
     279
     273
     259
     259
     278
     261
     293
     275
     246
     264
     258
     271
     264
     249
     266
     249
     270
     243
     273
     268
     289
     230
     215
     250
     231
     240
     284
     248
     235
     247
     223
     250
     251
     278
     269
     230
     233
     254
     238
     237
     226
     250
     237
     275
     238
     256
     274
     248
     247
     244
     240
     222
     226
     239
     254
     218
     238
     220
     231
     195
     213
     235
     245
     242
     204
     231
     202
     230
     227
     215
     236
     232
     223
     213
     229
     229
     235
     237
     247
     241
     212
     221
     206
     227
     198
     227
     206
     251
     217
     232
     201
     201
     223
     201
     205
     223
     209
     198
     205
     178
     221
     234
     226
     212
     224
     199
     192
     202
     192
     180
     183
     165
     232
     201
     184
     191
     210
     164
     190
     183
     148
     162
     206
     182
     193
     197
     168
     192
     181
     193
     166
     159
     169
     167
     184
     194
     171
     162
     168
     149
     173
     215
     184
     179
     192
     157
     169
     153
     163
     137
     189
     171
     169
     151
     149
     171
     149
     158
     153
     168
     162
     154
     166
     149
     164
     145
     147
     143
     131
     165
     145
     171
     151
     128
     144
     145
     145
     141
     129
     151
     145
     150
     142
     141
     144
     144
     137
     135
     139
     140
     139
     135
     126
     139
     116
     124
     139
     129
     115
     120
     132
     112
     136
     110
     134
     101
     104
     141
     127
     132
     126
     113
     123
     109
     128
     105
     123
     133
     135
     118
     109
     108
     121
     126
     105
     109
     116
     103
     113
     112
     102
     108
      96
     109
      96
     105
      95
      95
     101
      98
     105
     102
     107
      96
     102
     111
      86
      99
      88
     105
     103
      81
      82
      97
      90
      78
      96
      91
      83
     101
      94
      72
      81
      81
      76
      73
      88
      89
      89
      72
      77
      78
      66
      77
      86
      90
      66
      72
      84
      67
      78
      82
      69
      71
      63
      61
      66
      84
      67
      77
      58
      62
      55
      60
      76
      66
      67
      76
      54
      61
      56
      72
      47
      57
      68
      69
      68
      53
      52
      63
      52
      53
      54
      50
      44
      75
      49
      61
      47
      48
      50
      44
      45
      58
      53
      47
      50
      63
      34
      47
      51
      42
      59
      44
      44
      47
      58
      53
      42
      40
      40
      39
      49
      36
      45
      46
      32
      36
      40
      34
      34
      34
      35
      35
      36
      33
      32
      38
      43
      29
      34
      34
      34
      31
      30
      24
      20
      25
      27
      26
      32
      29
      35
      20
      35
      31
      25
      36
      28
      15
      22
      21
      29
      27
      22
      29
      30
      20
      21
      16
      14
      24
      21
      23
      42
      22
      20
      16
      13
      27
      15
      17
      23
      27
      14
      18
       0
       0
       0
       0
       0
       0
       0
       0
       0
       0
       0
       0
       0
       0
       0
       0
       0
       0
       0
       0
       0
       0
       0
       0
       0
       0
       0
       0
       0
       0
       0
       0
       0
       0
       0
       0
       0
       0
       0
       0
       0
       0
       0
       0
       0
       0
       0
       0
       0
       0
       0
       0
       0
       0
       0
       0
       0
       0
$ROI:
0
$PRESETS:
None
0
0
$ENER_FIT:
0.000000 0.000000
$MCA_CAL:
3
0.000000E+000 0.000000E+000 0.000000E+000 
$SHAPE_CAL:
3
0.000000E+000 0.000000E+000 0.000000E+000
