$SPEC_ID:
No sample description was entered.
$SPEC_REM:
DET# 1
DETDESC# DESKTOP-PNQJTCJ Easy-MCA-8k SN 09161357
AP# Maestro Version 7.01
$DATE_MEA:
09/27/2018 16:43:32
$MEAS_TIM:
1083 1085
$DATA:
0 8191
       0
       0
       0
       0
       0
       0
       0
       0
       0
       0
       0
       0
       0
       0
       0
       0
       4
      45
     151
     391
     692
     886
    1042
     946
     925
     896
     830
     905
     874
     854
     877
     912
     841
     864
     793
     752
     767
     708
     772
     874
    2450
    2245
     835
     757
     719
     711
     714
     670
     596
     511
     538
     468
     455
     433
     369
     339
     275
     267
     282
     279
     271
     246
     257
     247
     267
     268
     260
     250
     241
     239
     220
     194
     233
     219
     224
     263
     248
     223
     237
     220
     222
     227
     239
     226
     234
     212
     218
     209
     203
     186
     217
     239
     218
     187
     251
     200
     219
     215
     217
     221
     225
     210
     204
     214
     221
     220
     210
     209
     207
     216
     255
     244
     223
     219
     205
     217
     223
     203
     224
     183
     241
     196
     204
     214
     202
     221
     206
     199
     206
     190
     225
     221
     229
     214
     227
     224
     219
     231
     245
     223
     209
     197
     228
     236
     230
     217
     219
     218
     226
     232
     225
     228
     218
     230
     219
     212
     247
     242
     230
     223
     200
     219
     227
     233
     236
     223
     208
     196
     212
     237
     185
     231
     233
     229
     219
     207
     207
     208
     207
     215
     223
     231
     262
     209
     218
     234
     202
     207
     226
     217
     233
     201
     221
     204
     251
     209
     235
     227
     230
     238
     212
     184
     208
     175
     210
     209
     223
     210
     204
     202
     212
     191
     224
     196
     254
     210
     225
     209
     198
     215
     205
     202
     224
     211
     210
     236
     231
     220
     223
     200
     206
     199
     217
     226
     212
     223
     198
     200
     205
     223
     199
     218
     198
     214
     204
     210
     205
     210
     197
     217
     198
     206
     200
     215
     231
     224
     258
     230
     203
     213
     221
     214
     238
     199
     235
     220
     198
     225
     197
     248
     210
     225
     234
     210
     240
     247
     233
     254
     262
     236
     198
     203
     220
     199
     226
     235
     215
     257
     265
     253
     223
     216
     264
     187
     214
     187
     208
     204
     188
     184
     191
     189
     203
     191
     205
     211
     213
     193
     193
     217
     204
     222
     191
     201
     209
     223
     197
     187
     178
     183
     219
     203
     184
     192
     216
     206
     218
     212
     213
     215
     208
     193
     196
     202
     205
     189
     198
     186
     215
     189
     200
     205
     178
     204
     166
     195
     179
     193
     202
     173
     194
     195
     186
     176
     207
     201
     184
     193
     200
     183
     191
     194
     159
     199
     194
     188
     192
     191
     175
     203
     183
     181
     190
     177
     197
     185
     208
     185
     181
     174
     187
     189
     185
     182
     170
     167
     180
     193
     175
     185
     186
     192
     162
     182
     194
     180
     163
     162
     204
     205
     173
     186
     174
     172
     195
     181
     179
     195
     182
     179
     193
     189
     172
     183
     196
     178
     191
     201
     179
     183
     195
     189
     192
     141
     180
     179
     187
     180
     172
     190
     174
     182
     163
     185
     209
     159
     183
     169
     159
     173
     173
     167
     193
     173
     167
     172
     181
     171
     153
     160
     198
     165
     149
     156
     155
     157
     151
     189
     161
     173
     164
     162
     164
     172
     180
     204
     168
     183
     182
     209
     188
     175
     187
     190
     147
     137
     134
     163
     194
     168
     148
     140
     136
     168
     150
     149
     143
     148
     146
     153
     147
     143
     142
     141
     143
     158
     134
     134
     150
     133
     128
     147
     143
     136
     157
     154
     136
     143
     137
     129
     160
     134
     162
     147
     128
     114
     131
     161
     153
     136
     125
     132
     140
     160
     122
     140
     131
     140
     131
     150
     137
     118
     128
     132
     120
     111
     116
     135
     116
     119
     133
     129
     146
     111
     117
     146
     122
     127
     124
     120
     112
     121
     128
     110
     113
     112
     116
     131
     127
     141
     121
     113
     141
     124
     128
     131
     131
     140
     107
     114
     117
     120
     104
      99
     115
     128
     111
     106
     128
     131
     119
     115
     116
      96
     120
     108
      99
     119
     131
     113
     114
     114
     104
      99
     125
     107
     130
     134
     124
     137
     132
     123
     123
     132
     119
      95
     109
     127
     127
      99
     119
      96
     115
     103
     117
      99
     117
     100
      99
     107
     116
      98
     109
     107
     100
     116
     122
      83
     117
     128
      96
      95
      82
     115
      91
     101
     113
      87
      84
      94
      91
      98
      99
      86
      99
      95
     102
      91
      93
      98
      86
     107
      94
     101
     103
      94
      85
      94
      90
      92
      83
      85
      95
      80
      90
     129
     124
     109
     125
     101
     105
     107
      77
      87
      84
      90
      90
      90
      97
      84
      92
      73
      86
      85
      83
      79
      94
      70
      77
      81
      90
      74
      67
      72
      83
      68
      65
      89
      72
      70
      80
      78
      90
     105
      95
      77
      81
      72
      72
      81
      82
      63
      73
      76
      80
      77
      81
      51
      71
      72
      54
      68
      71
      79
      72
      66
      67
      52
      71
      77
      81
      80
      78
      71
      82
      86
      79
      79
      81
      60
      67
      66
      77
      89
      63
      95
      71
      77
      67
      63
      72
      90
      71
      69
      77
      68
      72
      48
      66
      64
      65
      56
      71
      75
      63
      58
      75
      80
      66
      66
      71
      77
      64
      78
      72
      66
      62
      53
      70
      66
      73
      71
      67
      70
      63
      62
      67
      48
      64
      73
      58
      71
      64
      72
      58
      58
      65
      65
      71
      67
      73
      48
      61
      57
      71
      66
      69
      65
      44
      70
      68
      83
      75
      60
      61
      52
      67
      63
      51
      60
      62
      70
      57
      71
      55
      60
      64
      61
      57
      63
      73
      56
      60
      57
      50
      55
      51
      77
      63
      61
      59
      68
      55
      50
      53
      61
      52
      43
      69
      52
      67
      47
      62
      77
      67
      65
      62
      60
      48
      54
      63
      59
      71
      65
      64
      69
      54
      57
      66
      51
      47
      69
      54
      64
      86
      81
      93
     120
     140
     188
     224
     236
     170
     150
      86
      83
      64
      54
      42
      47
      64
      64
      48
      51
      55
      43
      47
      47
      43
      55
      48
      41
      67
      45
      42
      45
      49
      51
      41
      56
      34
      57
      58
      40
      48
      39
      37
      48
      40
      49
      37
      52
      36
      54
      53
      51
      55
      51
      40
      46
      57
      47
      47
      33
      40
      43
      45
      40
      42
      45
      42
      45
      35
      49
      52
      44
      43
      55
      52
      45
      44
      30
      46
      37
      58
      41
      43
      51
      40
      49
      46
      38
      46
      37
      46
      36
      46
      42
      43
      45
      34
      49
      50
      40
      28
      47
      43
      44
      56
      32
      45
      46
      46
      29
      34
      38
      36
      44
      30
      36
      40
      32
      50
      38
      48
      42
      41
      36
      32
      41
      39
      35
      30
      37
      49
      42
      39
      40
      34
      37
      43
      28
      43
      36
      40
      64
      45
      62
      94
     123
     172
     241
     371
     485
     633
     611
     644
     484
     369
     261
     151
      85
      54
      25
      23
      22
      21
      25
      26
      31
      23
      16
      19
      30
      17
      16
      16
      23
      24
      31
      15
      21
      11
      27
      21
      16
      20
      29
      15
      22
      27
      23
      17
      24
      18
      28
      20
      21
      18
      17
      16
      26
      16
      20
      16
      20
      23
      23
      21
      18
      21
      17
      28
      19
      23
      18
      18
      24
      18
      22
      17
      19
      15
      18
      13
      22
      18
      24
      20
      19
      21
      23
      15
      16
      22
      17
      22
      25
      20
      12
      20
      15
      22
      22
      26
      28
      17
      18
      22
      16
      22
      17
      21
      16
      24
      19
      16
      14
      23
      17
      16
      15
      17
      27
      27
      14
      18
      26
      25
      15
      18
      17
      27
      21
      13
      19
      16
      24
      14
      15
      24
      19
      19
      12
      19
      21
      24
      15
      19
      16
      18
      21
      25
      12
      14
      19
      16
      24
      15
      14
       6
      18
      22
      16
      21
      21
      14
      23
      21
      28
      18
      15
      16
      18
      15
      13
      20
      18
      18
      13
      21
      22
      15
      18
      16
      26
      15
      16
      16
      20
      20
      19
      14
      24
      17
      20
      18
      14
      14
      17
      22
      15
      20
      18
      17
      13
      18
      19
      19
      16
      18
      27
      21
      15
      18
      19
      17
      17
      18
      14
      13
      11
      17
      21
      17
      21
      26
      14
      24
      19
      20
      23
      16
      17
      12
      16
      13
      12
      24
      12
      12
      13
      15
      15
      22
       9
      12
      15
      11
      15
      16
      13
      15
      15
      10
      12
      25
      15
      18
      18
      16
      13
      18
      15
      20
      10
      20
      13
      16
      15
      11
      12
      14
      16
      11
      15
      14
      17
      14
      13
       9
      15
      18
      11
      10
      16
      20
      15
      12
      10
      16
      13
      21
      15
      13
      15
      15
      18
      17
      10
      14
      20
      16
      13
      12
      14
       9
      20
      16
      14
      11
      12
      18
      12
      15
       9
      18
      25
      13
      13
      12
       7
      16
      17
      23
      10
      14
      19
      15
      12
      14
      18
      26
      17
      13
      23
      24
      27
      20
      23
      28
      23
      25
      21
      26
      17
      18
      16
       9
      22
      12
      12
       9
      14
      11
      11
      10
      11
      13
      10
      13
       9
      17
       7
      17
      11
      17
      14
       8
      16
      14
      14
      17
      14
      11
      13
      16
       9
      13
       9
      19
      12
       9
      18
      18
      15
      13
       6
       8
      13
      16
      12
      16
       9
       8
      12
      16
      12
      10
      13
      19
      15
      15
      14
      12
      12
      14
      12
       8
      14
      15
      17
      13
      11
      11
      17
       9
       9
      13
      13
      10
      10
       9
       9
      10
       5
      16
       8
      10
      18
      15
      11
      20
       9
      15
      16
       9
      10
      11
      15
      13
      18
      10
      10
      13
       8
      11
      16
      13
      12
       8
      11
       9
      17
      15
      12
       6
      10
      14
      10
      13
       9
      19
      15
      18
      11
       7
      13
      13
       8
       8
      19
       5
       3
      14
      13
      14
      12
       7
      10
      15
      10
       7
      17
      13
       9
      12
      10
       9
      13
       8
      14
      10
       8
       8
       6
       9
       7
      18
      14
      10
       8
       7
      10
       7
      18
      13
      11
      12
      12
       9
      13
      13
      14
       7
      11
      13
      14
       7
      12
       8
      12
      13
      15
      16
      15
      10
      13
      17
      23
       9
      10
       9
      19
       9
      17
      12
      11
       5
       9
      11
       9
       9
      14
      14
      11
      11
      14
       8
      11
      17
      10
       9
      13
       9
      15
      10
      10
       5
      10
      10
      13
      13
      13
       9
      17
      12
      14
      17
      12
       8
      11
       4
       9
       9
      12
      12
      14
       5
      11
       8
       9
      12
      11
       9
      11
      12
       7
      11
      11
       8
      13
       8
       8
      13
      18
      17
      10
      12
       8
      21
      12
      11
      10
      12
       9
       7
      14
       7
       7
       7
      14
       9
       7
       7
       7
      12
      15
      10
       8
       7
      12
       7
       5
       8
      12
       9
      13
      12
      11
       8
      14
       8
      14
       8
       9
       7
      12
      13
       7
       7
       4
       6
      13
       7
      11
       9
       6
       6
      12
      11
      10
       9
      11
      10
       4
       8
       6
      11
      11
      17
       5
       9
       7
       9
       6
       5
       6
      10
       8
      11
       5
       3
       6
       9
       3
       7
       6
       6
       9
       7
       9
       5
       9
       6
       9
      10
       4
      10
      13
       5
       6
      11
       7
       7
      19
       8
      10
       9
      14
       4
       8
       5
      10
      11
       8
       7
       6
       9
       4
       2
       8
       5
       5
       7
      10
       7
       8
       6
      12
      15
       3
      11
       6
       9
      13
      21
       6
      18
      17
      25
      25
      24
      34
      47
      60
      64
      65
      64
      51
      36
      33
      27
      11
       8
      10
       9
      11
       4
       9
       6
      13
       6
      13
      14
      14
       6
       4
      11
      11
       7
       5
       6
       9
       3
       6
       4
       6
       6
      14
      10
      11
      13
       7
      11
       6
       8
       7
       6
       6
       3
       7
       8
       3
       7
      14
       9
       3
       9
       8
       4
       6
       5
       5
      10
       3
       8
       5
       5
       7
       8
       6
       5
       5
       7
       7
      10
       9
       2
       2
       4
       8
       9
       3
       5
      11
      15
      16
       6
       4
       6
       2
      10
       5
       4
      10
       5
       3
      10
       5
      11
       3
       9
       7
       3
       5
       3
       5
       9
       7
      13
      10
       9
      11
       8
       7
       7
       5
       7
       7
       7
      12
       7
       5
       5
      10
       9
       4
       7
       8
       5
       5
       4
       8
      12
       5
      10
       6
       4
       4
       5
       7
       9
      12
       6
      12
       9
       8
      10
       8
       7
       8
      11
      11
       9
       5
      10
       6
       9
       4
       6
       8
       8
       8
      10
       8
       6
       8
       4
      10
       7
      11
       7
       9
       4
       8
       3
       9
       8
       5
       7
       8
       5
       7
       9
       9
       6
       7
       5
       9
       2
       7
       4
       7
       8
       6
       9
       3
      11
      10
       5
       4
       5
       5
       4
       7
       8
       7
      12
       6
       4
      10
       5
       6
       4
       3
       4
       4
       6
       4
       7
       5
       9
       5
       2
       5
       7
       5
      10
       7
       3
       1
       7
       8
       4
       1
       4
       3
       6
       5
       6
       2
       7
       4
       8
       6
       6
       6
       4
       6
       8
       6
       1
       5
       3
       4
       8
       4
       9
       3
       6
       4
       6
       6
       3
       5
       7
       4
       4
       4
       6
       6
       8
       7
       4
       3
       6
       6
      13
       8
       7
       8
       6
       3
       8
       7
       2
      12
       6
       2
       5
      15
       6
       9
       7
       6
       6
       6
       7
       7
       7
       4
       5
       3
       7
      13
       7
       4
       2
       4
       3
       3
       4
       6
       5
       5
       8
       3
       6
       2
       5
       8
       2
       7
       8
       6
       4
       2
       8
       2
       2
       6
       5
       2
       4
       4
       2
       4
       4
       4
      13
       4
       6
       5
       3
       9
       9
       8
       8
       8
       1
       7
       6
       8
       5
       4
       3
      10
       8
       6
       2
       7
       3
       3
       4
       7
       3
       8
       4
       5
       3
       3
       7
       4
       6
       7
       4
       3
       6
       5
       4
       6
       3
      10
       2
       4
       4
       6
       3
       3
      12
       5
       7
       4
       7
       6
       2
       1
       7
       7
       5
       4
       6
       5
       2
       3
       6
       2
       4
       7
       3
       6
       9
       3
       6
       6
       6
       4
       6
      10
       2
       5
       6
       7
       5
       5
       2
       6
       2
       5
       5
       7
      10
       3
       8
       6
       7
       4
       6
       7
       5
       5
       4
       5
       8
       5
       5
       1
       9
       3
       4
       3
       3
       2
       5
       3
       5
       4
       5
       5
       6
       3
       6
       8
       2
       5
       4
       3
       3
       4
       7
       8
       6
       7
       4
       4
       1
       6
       3
       3
       7
       8
       5
       4
       2
       2
       4
       7
       4
       6
       3
       4
       4
       4
       7
       7
       8
       7
       3
       4
       8
       6
       5
       4
       5
       5
       0
       2
       4
       7
       4
       2
       2
       3
       4
       2
      10
       2
       4
       2
       4
       2
       3
       6
       5
       7
       3
       1
      10
       3
       2
       4
       1
       6
       1
      10
       4
       7
       6
       1
       3
       4
       4
       6
       1
       6
       6
       6
       5
       7
       8
       2
       2
       2
       4
       4
       2
       1
       6
       2
       4
       5
       5
       7
       5
       3
       2
       3
       4
       5
       4
       6
       5
       2
       1
       2
       7
       4
       2
       5
       6
       5
       5
       3
       2
       2
       6
       4
       5
       8
       6
       5
       1
       3
       0
       7
       7
       3
       2
       3
       3
       6
      10
       4
       5
       1
       3
       3
       6
       5
       3
       5
       6
       2
       6
       6
       4
       4
       4
       5
       6
       2
       2
       2
       5
       6
       2
       5
       6
       2
       5
       2
       4
       7
       5
       3
       2
       4
       7
       3
       1
       6
       5
       6
       4
       8
       5
       2
       5
       4
       3
       5
       2
       4
       5
       3
       4
       6
       7
       6
       6
       4
       6
       6
       8
       5
      12
      12
       7
       3
       5
       2
       4
       2
       2
       2
       6
       1
       2
       1
       2
       3
       2
       5
       3
       6
       8
       8
       4
       2
       9
       7
       4
       3
       4
       4
       3
       2
       9
       3
       2
       8
       6
       2
       2
       8
       5
       4
       7
       3
       4
       1
       3
       5
       7
       7
       3
       4
       5
       3
       5
       8
       3
       4
       2
       1
       4
       3
       4
       6
       5
       5
       3
       4
       5
       1
       2
       4
       5
       2
       5
       2
       3
       2
       3
       5
       4
       0
       2
       5
       0
       6
       1
       5
       5
       5
       7
       2
       6
       4
       2
       4
       6
       1
       5
       3
       2
       2
       8
       4
       3
       2
       5
       4
       6
       3
       2
       6
       3
       2
       2
       4
       4
       4
       4
       6
       2
       3
       0
       3
       9
       5
       7
       0
       5
       3
       6
       6
       8
       3
       4
       6
       3
       2
       4
       4
       1
       5
       2
       6
       7
       4
       4
       1
       7
       2
       3
       7
       4
       3
       4
       0
       3
       6
       3
       6
       1
       2
       4
       2
       5
       2
       3
       2
       2
       5
       3
       3
       3
       3
       4
       4
       2
       4
       3
       4
       2
       9
       5
       3
       1
       4
       4
       4
       6
       2
       4
       4
       3
       3
       5
       5
       3
       2
       3
       1
       8
       5
       2
       5
       4
       6
       6
       4
       5
       6
       5
       4
       4
       2
       5
       4
       6
       2
       2
       3
       0
       4
       6
       2
       5
       6
       2
       3
       0
       3
       6
       4
       3
       1
       2
       5
       9
       1
       5
       3
       4
       5
       2
       1
       1
       7
       7
       3
       3
       7
       3
       3
       5
       3
       6
       3
       3
       4
       4
       2
       3
       4
       1
       4
       6
       2
       4
       4
       6
       4
       3
       0
       1
       0
       3
       3
       1
       5
       6
       5
       4
       4
       2
       0
       4
       2
       1
       4
       5
       2
       2
       5
       5
       2
       3
       0
       4
       7
       2
       1
       5
       5
       2
       1
       5
       3
       2
       1
       1
       4
       6
       3
       3
       2
       1
       1
       4
       0
       6
       4
       4
       0
       3
       0
       4
       8
       1
       8
       5
       7
       3
       1
       0
       3
       3
       5
       2
       4
       5
       3
       4
       4
       1
       2
       4
       1
       2
       4
       6
       1
       4
       7
       4
       4
       3
       2
       4
       1
       4
       5
       3
       5
       1
       3
       4
       3
       3
       2
       3
       3
       5
       2
       5
       4
       1
       7
       4
       1
       3
       2
       5
       5
       4
       2
       1
       4
       1
       5
       3
       0
       4
       4
       0
       2
       4
       4
       1
       3
       7
       2
       1
       3
       6
       3
       2
       3
       3
       3
       7
       2
       4
       2
       6
       5
       3
       2
       1
       2
       2
       2
       4
       1
       0
       1
       1
       6
       3
       4
       3
       2
       0
       2
       2
       4
       3
       3
       6
       3
       3
       4
       4
       2
       1
       8
       4
       4
       4
       2
       2
       3
       2
       1
       1
       2
       5
       2
       1
       3
       3
       4
       5
       2
       6
       4
       2
       4
       3
       6
       2
       2
       3
       3
       2
       1
       0
       3
       5
       1
       2
       2
       7
       3
       5
       2
       3
       6
       1
       2
       3
       4
       5
       5
       2
       3
       3
       3
       3
       4
       5
       6
       2
       3
       3
       1
       6
       5
       3
       0
       2
       2
       6
       1
       3
       4
       0
       2
       1
       4
       3
       1
       2
       4
       2
       4
       1
       2
       6
       4
       3
       4
       3
       3
       1
       4
       4
       5
       1
       2
       4
       5
       7
       4
       1
       9
       3
       5
       3
       5
       3
       3
       5
       7
       3
       2
       4
       5
       3
       5
       2
       2
       6
       3
       2
       1
       3
       2
       3
       3
       2
       3
       1
       3
       5
       4
       2
       1
       2
       3
       4
       1
       1
       8
       5
       1
       0
       3
       4
       0
       1
       8
       2
       1
       5
       2
       5
       0
       2
       3
       5
       2
       1
       2
       1
       4
       3
       2
       3
       3
       2
       1
       2
       5
       1
       3
       0
       3
       4
       4
       5
       2
       5
       2
       2
       3
       2
       3
       1
       2
       0
       4
       3
       1
       5
       1
       3
       1
       2
       1
       0
       1
       2
       3
       2
       6
       2
       1
       2
       2
       2
       6
       4
       3
       2
       4
       2
       2
       5
       4
       1
       0
       5
       2
       3
       1
       4
       0
       3
       3
       0
       0
       0
       0
       3
       1
       2
       4
       2
       5
       3
       3
       2
       0
       4
       1
       2
       3
       2
       3
       4
       3
       2
       1
       3
       2
       1
       2
       2
       3
       2
       4
       4
       3
       3
       1
       1
       1
       5
       8
       2
       2
       1
       4
       1
       1
       2
       4
       3
       3
       5
       4
       5
       5
       4
       1
       3
       1
       3
       3
       5
       3
       1
       1
       4
       2
       2
       4
       3
       4
       2
       2
       2
       2
       4
       3
       2
       1
       1
       1
       5
       2
       2
       3
       4
       2
       3
       1
       2
       2
       8
       5
       2
       5
       3
       3
       5
       2
       4
       4
       2
       7
       3
       2
       3
       4
       5
       3
       4
       5
       1
       2
       2
       4
       1
       0
       3
       3
       2
       4
       3
       4
       6
       0
       1
       6
       4
       3
       0
       2
       4
       1
       3
       1
       3
       2
       2
       3
       2
       3
       2
       2
       3
       4
       0
       1
       4
       3
       6
       4
       0
       4
       2
       3
       2
       2
       1
       5
       2
       3
       3
       5
       2
       5
       1
       3
       5
       3
       6
       2
       0
       2
       3
       1
       0
       5
       4
       2
       1
       2
       2
       1
       2
       1
       2
       5
       7
       2
       1
       6
       3
       3
       2
       5
       4
       7
       2
       2
       3
       5
       1
       4
       1
       4
       5
       5
       3
       5
       5
       4
       1
       2
       1
       5
       5
       0
       0
       3
       4
       5
       3
       3
       6
       2
       0
       1
       2
       1
       3
       1
       1
       6
       5
       2
       3
       0
       2
       3
       1
       2
       5
       1
       0
       1
       3
       4
       8
       2
       3
       2
       2
       2
       2
       2
       2
       1
       3
       5
       1
       4
       3
       3
       1
       5
       3
       1
       2
       2
       4
       4
       5
       2
       2
       6
       2
       1
       1
       4
       1
       2
       3
       2
       5
       1
       3
       3
       0
       2
       5
       7
       2
       1
       0
       2
       1
       4
       6
       0
       1
       2
       4
       1
       4
       1
       2
       2
       3
       3
       0
       1
       6
       1
       2
       2
       1
       4
       2
       2
       3
       3
       2
       3
       1
       7
       3
       3
       0
       4
       2
       3
       6
       1
       2
       3
       1
       1
       2
       3
       3
       2
       3
       2
       1
       1
       2
       3
       1
       3
       1
       1
       2
       2
       1
       1
       1
       2
       4
       3
       5
       2
       2
       1
       2
       2
       3
       3
       2
       3
       0
       0
       2
       3
       2
       5
       2
       2
       0
       3
       4
       3
       2
       6
       0
       4
       1
       0
       2
       1
       1
       2
       1
       3
       1
       5
       1
       4
       1
       2
       0
       2
       2
       1
       3
       2
       2
       2
       4
       1
       2
       0
       1
       1
       1
       1
       4
       0
       2
       2
       0
       1
       4
       4
       2
       3
       1
       1
       1
       0
       4
       3
       2
       2
       3
       1
       0
       3
       3
       1
       4
       0
       2
       4
       2
       6
       2
       1
       0
       3
       0
       3
       1
       0
       1
       3
       4
       1
       3
       1
       4
       0
       1
       0
       3
       1
       2
       1
       5
       3
       3
       3
       1
       3
       1
       2
       5
       2
       2
       3
       3
       4
       1
       3
       2
       6
       3
       3
       3
       4
       0
       1
       1
       4
       3
       2
       2
       6
       5
       0
       3
       2
       2
       1
       2
       0
       4
       1
       2
       3
       2
       2
       2
       2
       1
       3
       3
       1
       1
       2
       2
       2
       1
       2
       3
       2
       1
       3
       1
       0
       1
       1
       1
       3
       1
       6
       1
       0
       1
       2
       1
       1
       0
       3
       2
       1
       4
       1
       4
       2
       0
       0
       6
       1
       4
       3
       1
       2
       1
       1
       0
       1
       1
       3
       1
       2
       2
       4
       5
       3
       2
       1
       2
       0
       1
       0
       2
       3
       0
       3
       3
       3
       0
       3
       2
       1
       3
       1
       2
       2
       1
       1
       1
       1
       1
       0
       3
       3
       1
       2
       3
       2
       1
       3
       3
       4
       0
       1
       3
       1
       5
       1
       2
       1
       1
       4
       2
       3
       3
       0
       3
       1
       2
       2
       1
       2
       4
       6
       3
       3
       3
       1
       3
       4
       0
       1
       0
       0
       5
       3
       5
       3
       0
       1
       4
       1
       2
       1
       1
       2
       4
       0
       0
       1
       1
       3
       2
       1
       7
       5
       1
       2
       1
       5
       1
       2
       2
       1
       1
       0
       2
       0
       2
       1
       2
       0
       1
       2
       1
       2
       2
       3
       2
       1
       0
       1
       5
       2
       1
       3
       3
       1
       0
       1
       3
       2
       2
       0
       2
       0
       2
       1
       0
       1
       2
       0
       2
       5
       2
       2
       1
       2
       3
       2
       2
       4
       4
       2
       1
       2
       1
       1
       2
       1
       2
       2
       3
       2
       2
       0
       0
       3
       2
       1
       2
       3
       2
       2
       5
       1
       0
       3
       2
       0
       0
       3
       1
       1
       3
       1
       1
       5
       0
       4
       2
       5
       2
       2
       1
       4
       2
       1
       1
       1
       2
       3
       2
       2
       4
       3
       2
       5
       4
       5
       7
       3
       4
       4
       7
       8
       8
      12
      12
       8
      14
      13
       4
      13
      12
       7
       2
       6
       4
       1
       0
       0
       2
       0
       0
       4
       1
       1
       2
       1
       0
       1
       4
       5
       3
       1
       1
       0
       3
       0
       1
       4
       1
       2
       0
       0
       1
       0
       3
       1
       1
       0
       0
       0
       3
       3
       4
       0
       2
       2
       2
       2
       1
       1
       1
       4
       2
       2
       2
       3
       0
       3
       2
       1
       1
       3
       2
       1
       0
       0
       0
       2
       1
       1
       1
       1
       1
       4
       2
       5
       2
       1
       2
       3
       1
       2
       0
       0
       0
       0
       1
       2
       2
       5
       6
       0
       1
       0
       1
       0
       0
       1
       1
       3
       0
       3
       5
       2
       1
       2
       2
       2
       4
       1
       0
       1
       1
       3
       1
       0
       4
       3
       2
       0
       1
       2
       3
       5
       2
       1
       3
       1
       1
       2
       2
       2
       2
       0
       2
       1
       2
       1
       4
       3
       1
       0
       0
       2
       1
       0
       1
       1
       2
       3
       0
       0
       1
       3
       1
       2
       1
       1
       2
       1
       4
       2
       2
       0
       2
       0
       3
       1
       0
       0
       1
       1
       1
       1
       2
       1
       2
       0
       1
       3
       2
       0
       0
       0
       1
       3
       3
       2
       1
       0
       3
       2
       1
       2
       1
       1
       0
       1
       4
       0
       1
       0
       2
       3
       0
       1
       2
       3
       3
       0
       0
       2
       1
       1
       0
       2
       1
       0
       0
       1
       2
       0
       4
       3
       1
       0
       0
       2
       2
       2
       2
       0
       3
       0
       0
       1
       2
       0
       2
       2
       1
       1
       1
       1
       0
       1
       2
       2
       1
       1
       0
       2
       0
       0
       0
       0
       1
       2
       1
       0
       2
       1
       1
       1
       5
       0
       0
       1
       0
       1
       1
       1
       1
       2
       1
       0
       2
       2
       1
       0
       2
       2
       0
       1
       0
       2
       0
       1
       0
       1
       1
       3
       1
       1
       0
       3
       1
       1
       1
       3
       0
       1
       1
       2
       2
       1
       3
       1
       1
       0
       1
       2
       1
       1
       1
       0
       1
       3
       2
       1
       2
       2
       1
       2
       1
       0
       2
       1
       2
       1
       2
       4
       0
       3
       3
       4
       3
       1
       1
       1
       2
       1
       5
       0
       3
       1
       1
       0
       3
       1
       2
       1
       2
       1
       0
       0
       3
       0
       1
       1
       5
       1
       0
       0
       4
       0
       3
       0
       1
       2
       1
       2
       0
       0
       0
       1
       0
       2
       0
       1
       1
       1
       0
       2
       1
       1
       1
       2
       0
       1
       1
       2
       3
       1
       1
       2
       1
       1
       1
       1
       1
       0
       1
       0
       2
       0
       2
       2
       2
       2
       1
       2
       1
       2
       1
       1
       2
       0
       2
       1
       1
       1
       0
       4
       1
       1
       3
       1
       0
       1
       0
       1
       1
       2
       0
       1
       1
       1
       1
       1
       2
       3
       3
       1
       4
       0
       2
       1
       2
       2
       3
       0
       1
       3
       1
       1
       1
       0
       0
       0
       1
       3
       3
       1
       0
       1
       2
       0
       1
       1
       1
       1
       1
       3
       1
       1
       3
       1
       3
       1
       1
       2
       0
       2
       2
       1
       3
       2
       1
       2
       1
       1
       1
       1
       1
       0
       0
       0
       1
       0
       1
       2
       1
       1
       0
       1
       2
       1
       1
       0
       1
       0
       1
       2
       2
       0
       2
       1
       1
       1
       0
       1
       0
       1
       1
       1
       2
       1
       0
       0
       1
       1
       1
       0
       2
       1
       1
       2
       2
       0
       1
       1
       1
       1
       0
       4
       2
       3
       0
       0
       1
       1
       2
       1
       0
       3
       1
       1
       0
       0
       1
       0
       3
       3
       3
       0
       1
       1
       1
       2
       2
       0
       1
       2
       1
       0
       0
       3
       1
       0
       3
       0
       2
       1
       0
       2
       0
       0
       2
       1
       0
       1
       2
       0
       1
       0
       1
       0
       0
       0
       1
       1
       0
       1
       0
       1
       2
       0
       0
       2
       0
       2
       0
       4
       1
       0
       0
       2
       0
       1
       0
       4
       1
       0
       1
       0
       2
       4
       0
       1
       0
       1
       0
       0
       2
       0
       1
       0
       0
       2
       3
       2
       0
       3
       0
       3
       1
       0
       2
       5
       0
       0
       2
       1
       2
       1
       3
       0
       1
       0
       2
       3
       4
       2
       3
       4
       0
       1
       2
       3
       1
       1
       0
       1
       1
       1
       3
       2
       1
       3
       0
       4
       1
       2
       1
       0
       0
       1
       1
       0
       3
       0
       1
       0
       4
       0
       0
       2
       1
       4
       2
       2
       0
       1
       0
       2
       2
       1
       0
       0
       1
       0
       1
       1
       1
       2
       1
       0
       1
       2
       2
       0
       1
       0
       1
       1
       0
       0
       2
       0
       1
       0
       0
       0
       0
       0
       1
       1
       0
       0
       0
       3
       0
       2
       2
       1
       1
       0
       0
       0
       1
       0
       0
       1
       4
       1
       0
       1
       3
       1
       0
       0
       0
       2
       2
       2
       1
       2
       1
       1
       1
       3
       0
       2
       0
       3
       0
       2
       1
       0
       0
       1
       1
       3
       0
       1
       0
       1
       1
       0
       4
       1
       1
       1
       0
       1
       0
       4
       4
       1
       1
       0
       1
       1
       1
       2
       0
       2
       0
       0
       1
       1
       0
       1
       1
       0
       1
       1
       3
       3
       2
       0
       1
       0
       0
       3
       3
       1
       0
       0
       3
       1
       2
       2
       2
       3
       1
       2
       1
       0
       2
       2
       3
       0
       1
       0
       0
       1
       0
       0
       0
       1
       0
       1
       1
       0
       0
       0
       1
       0
       1
       2
       0
       0
       3
       0
       4
       1
       0
       0
       0
       1
       1
       2
       2
       4
       2
       2
       2
       2
       1
       3
       0
       2
       1
       1
       1
       2
       5
       0
       0
       1
       3
       0
       1
       1
       0
       0
       2
       1
       2
       2
       0
       0
       0
       1
       0
       1
       2
       3
       0
       1
       2
       0
       1
       3
       0
       1
       0
       0
       1
       2
       0
       0
       1
       1
       2
       3
       0
       0
       0
       1
       0
       1
       2
       1
       4
       1
       1
       0
       1
       2
       1
       2
       0
       1
       4
       0
       1
       0
       2
       0
       2
       1
       2
       2
       0
       1
       2
       2
       1
       3
       2
       1
       3
       0
       0
       1
       0
       2
       0
       1
       0
       0
       2
       1
       0
       1
       3
       1
       1
       1
       1
       0
       1
       4
       4
       1
       1
       2
       1
       0
       0
       3
       2
       0
       1
       2
       1
       1
       2
       1
       0
       2
       1
       0
       0
       3
       2
       1
       2
       1
       1
       0
       2
       1
       3
       0
       0
       1
       0
       1
       1
       1
       3
       0
       0
       4
       0
       2
       0
       0
       1
       1
       1
       0
       1
       1
       0
       0
       0
       2
       1
       2
       2
       0
       1
       0
       0
       1
       0
       0
       1
       1
       0
       1
       1
       0
       1
       0
       1
       2
       2
       0
       3
       1
       1
       1
       1
       0
       2
       0
       1
       2
       3
       4
       0
       0
       2
       3
       3
       2
       2
       2
       0
       1
       2
       0
       0
       0
       2
       1
       5
       0
       1
       1
       1
       1
       0
       1
       0
       1
       1
       2
       1
       0
       2
       2
       1
       0
       2
       0
       1
       2
       2
       2
       2
       1
       0
       1
       1
       1
       0
       0
       1
       1
       4
       0
       0
       3
       0
       1
       1
       3
       1
       0
       2
       1
       1
       2
       3
       1
       1
       2
       1
       0
       1
       1
       1
       1
       1
       1
       1
       1
       1
       0
       2
       2
       0
       2
       1
       1
       0
       0
       0
       1
       2
       3
       0
       2
       2
       2
       1
       0
       0
       4
       1
       0
       2
       0
       1
       0
       2
       0
       0
       0
       0
       1
       0
       2
       0
       0
       1
       0
       0
       3
       0
       1
       0
       1
       1
       2
       2
       0
       2
       0
       1
       3
       1
       0
       0
       2
       1
       2
       1
       1
       1
       1
       3
       4
       0
       0
       0
       0
       1
       1
       1
       2
       1
       3
       0
       0
       0
       1
       1
       0
       0
       0
       1
       1
       1
       0
       2
       0
       1
       1
       3
       1
       1
       0
       4
       0
       1
       0
       0
       2
       1
       0
       1
       3
       1
       1
       0
       1
       0
       0
       0
       0
       2
       1
       1
       1
       2
       2
       2
       2
       1
       2
       0
       2
       0
       1
       2
       3
       1
       1
       1
       1
       4
       0
       0
       1
       1
       0
       1
       0
       4
       1
       1
       1
       1
       0
       1
       0
       1
       1
       1
       0
       0
       0
       1
       2
       1
       0
       2
       0
       2
       1
       2
       1
       2
       0
       3
       1
       0
       2
       1
       2
       3
       1
       2
       5
       1
       0
       4
       3
       2
       2
       1
       4
       0
       2
       0
       1
       0
       0
       0
       0
       0
       0
       0
       0
       1
       2
       1
       0
       0
       0
       2
       0
       1
       0
       0
       3
       1
       2
       4
       0
       1
       1
       1
       1
       2
       1
       0
       1
       1
       1
       1
       0
       5
       0
       2
       1
       2
       2
       0
       1
       0
       2
       1
       0
       0
       0
       0
       1
       2
       1
       3
       2
       0
       1
       1
       2
       2
       0
       3
       2
       0
       2
       2
       0
       0
       0
       1
       1
       1
       0
       2
       1
       0
       0
       0
       1
       0
       6
       0
       1
       0
       0
       0
       0
       4
       0
       0
       0
       1
       0
       0
       0
       0
       0
       0
       0
       1
       2
       1
       0
       0
       1
       2
       1
       2
       3
       1
       1
       1
       3
       1
       0
       0
       0
       1
       0
       0
       1
       3
       0
       1
       2
       1
       1
       1
       0
       1
       1
       2
       1
       1
       1
       0
       3
       1
       0
       1
       2
       0
       1
       2
       0
       1
       0
       2
       0
       1
       1
       1
       1
       0
       0
       0
       0
       0
       1
       0
       0
       0
       0
       1
       1
       3
       1
       2
       1
       1
       3
       0
       2
       0
       4
       0
       2
       0
       3
       1
       0
       0
       2
       1
       1
       1
       1
       1
       0
       3
       0
       1
       0
       0
       0
       1
       1
       1
       0
       0
       0
       0
       0
       0
       0
       1
       1
       2
       0
       0
       1
       0
       2
       0
       2
       1
       0
       0
       2
       1
       2
       3
       1
       0
       1
       0
       1
       0
       0
       0
       0
       0
       0
       3
       1
       0
       2
       1
       0
       2
       0
       0
       1
       0
       0
       1
       0
       0
       3
       1
       0
       1
       2
       0
       1
       0
       1
       1
       3
       0
       2
       2
       1
       1
       1
       1
       1
       1
       1
       1
       0
       1
       1
       1
       0
       2
       0
       0
       0
       2
       0
       1
       0
       1
       1
       0
       1
       1
       0
       0
       0
       0
       2
       1
       0
       1
       0
       2
       1
       0
       1
       2
       0
       0
       0
       0
       1
       0
       0
       0
       2
       1
       2
       1
       2
       0
       2
       0
       0
       2
       0
       1
       0
       0
       1
       0
       3
       0
       1
       1
       1
       0
       0
       1
       0
       0
       0
       0
       1
       0
       1
       0
       0
       2
       2
       1
       2
       1
       1
       2
       2
       0
       1
       1
       1
       0
       2
       0
       0
       0
       0
       1
       1
       0
       0
       1
       0
       2
       1
       1
       0
       1
       1
       0
       1
       0
       0
       0
       0
       0
       1
       0
       2
       0
       1
       2
       1
       1
       1
       1
       0
       1
       0
       0
       1
       0
       1
       1
       0
       1
       1
       0
       0
       0
       1
       1
       0
       1
       0
       0
       0
       0
       0
       0
       0
       0
       1
       0
       0
       2
       0
       1
       0
       3
       2
       0
       1
       1
       2
       0
       1
       0
       0
       1
       2
       0
       2
       2
       0
       0
       0
       0
       0
       2
       0
       2
       1
       0
       4
       1
       1
       0
       0
       1
       0
       0
       0
       0
       1
       1
       0
       0
       0
       1
       1
       2
       0
       0
       0
       0
       1
       2
       1
       1
       0
       2
       0
       1
       0
       2
       1
       0
       0
       0
       0
       2
       0
       2
       0
       0
       0
       3
       1
       0
       1
       0
       1
       1
       0
       0
       1
       0
       0
       1
       0
       0
       1
       2
       1
       1
       1
       0
       1
       2
       0
       0
       1
       0
       1
       0
       0
       2
       0
       1
       2
       0
       0
       3
       1
       0
       1
       0
       0
       3
       0
       0
       0
       0
       0
       1
       2
       0
       1
       1
       0
       1
       1
       0
       1
       1
       1
       1
       1
       1
       0
       0
       0
       0
       2
       1
       0
       0
       1
       0
       1
       2
       0
       0
       1
       0
       0
       0
       0
       0
       1
       1
       1
       2
       0
       0
       1
       0
       1
       0
       1
       0
       0
       1
       1
       0
       1
       0
       1
       3
       2
       1
       0
       0
       1
       2
       0
       1
       0
       0
       0
       1
       3
       0
       0
       0
       0
       0
       0
       2
       1
       1
       1
       3
       0
       0
       0
       0
       1
       1
       0
       1
       1
       1
       0
       1
       0
       1
       1
       0
       1
       0
       3
       1
       0
       1
       1
       1
       0
       0
       0
       1
       2
       1
       1
       1
       1
       2
       1
       3
       3
       2
       3
       5
       5
       2
       8
      10
       5
       8
       8
       5
       6
       8
      10
       9
       5
       5
       3
       2
       1
       2
       3
       3
       1
       0
       1
       0
       0
       0
       2
       1
       1
       0
       0
       1
       0
       0
       1
       0
       1
       0
       1
       0
       0
       0
       2
       2
       0
       0
       0
       2
       0
       3
       0
       0
       0
       0
       0
       0
       2
       2
       1
       0
       0
       1
       0
       0
       0
       1
       0
       1
       0
       1
       0
       1
       0
       0
       0
       0
       0
       1
       0
       1
       0
       2
       0
       0
       0
       1
       1
       2
       0
       0
       1
       0
       1
       2
       1
       1
       0
       0
       0
       1
       1
       1
       0
       1
       0
       1
       0
       1
       0
       1
       2
       0
       0
       0
       0
       0
       0
       1
       0
       0
       0
       1
       0
       1
       1
       0
       0
       0
       0
       0
       0
       0
       0
       0
       0
       0
       1
       0
       0
       0
       0
       3
       1
       2
       2
       0
       0
       0
       3
       0
       0
       0
       0
       0
       1
       0
       0
       2
       1
       0
       0
       1
       1
       0
       1
       0
       0
       0
       2
       0
       0
       0
       0
       2
       0
       0
       2
       1
       0
       1
       2
       0
       0
       0
       0
       1
       0
       0
       0
       0
       0
       1
       1
       1
       1
       0
       0
       0
       0
       0
       0
       0
       0
       1
       1
       0
       0
       0
       1
       0
       2
       0
       1
       3
       1
       0
       0
       1
       1
       1
       1
       0
       0
       0
       1
       2
       0
       0
       0
       1
       0
       0
       1
       1
       0
       0
       1
       0
       1
       1
       0
       1
       0
       0
       0
       0
       0
       0
       0
       0
       0
       0
       2
       0
       0
       1
       0
       0
       0
       1
       1
       0
       0
       0
       0
       2
       0
       0
       0
       1
       1
       1
       1
       0
       0
       0
       1
       0
       0
       0
       0
       0
       1
       0
       1
       1
       0
       1
       0
       0
       0
       2
       2
       0
       1
       0
       0
       0
       1
       0
       0
       0
       1
       2
       3
       0
       1
       2
       1
       0
       0
       1
       1
       1
       1
       0
       0
       0
       0
       1
       2
       0
       0
       1
       1
       2
       0
       0
       0
       0
       0
       0
       1
       0
       2
       1
       0
       0
       0
       0
       0
       1
       0
       0
       0
       0
       0
       0
       1
       2
       1
       1
       0
       0
       0
       0
       0
       0
       0
       2
       0
       0
       1
       1
       2
       0
       1
       1
       0
       1
       0
       0
       0
       1
       0
       1
       0
       1
       0
       0
       2
       1
       1
       1
       0
       1
       0
       1
       0
       1
       0
       0
       0
       0
       0
       0
       0
       0
       0
       1
       2
       0
       0
       0
       0
       1
       0
       1
       0
       1
       0
       0
       0
       0
       0
       1
       0
       1
       0
       0
       0
       0
       0
       1
       0
       3
       0
       1
       0
       0
       0
       0
       1
       0
       1
       0
       0
       1
       2
       1
       0
       0
       0
       0
       0
       0
       0
       0
       1
       1
       0
       0
       0
       1
       1
       1
       0
       0
       0
       0
       3
       0
       0
       0
       0
       1
       0
       0
       1
       0
       1
       0
       0
       0
       0
       0
       1
       0
       0
       0
       0
       1
       1
       0
       1
       2
       0
       0
       1
       0
       2
       0
       0
       1
       2
       0
       0
       0
       0
       0
       1
       0
       1
       0
       1
       2
       1
       0
       0
       1
       0
       2
       0
       0
       2
       0
       0
       0
       0
       0
       1
       0
       0
       0
       1
       0
       3
       0
       0
       0
       0
       0
       0
       2
       1
       0
       0
       2
       0
       0
       0
       0
       1
       0
       0
       1
       1
       0
       1
       1
       1
       1
       1
       0
       1
       0
       1
       1
       0
       0
       0
       1
       1
       0
       1
       1
       1
       0
       1
       1
       0
       0
       1
       0
       0
       1
       0
       2
       1
       1
       0
       1
       0
       0
       0
       0
       1
       1
       0
       0
       0
       1
       1
       0
       0
       0
       2
       0
       2
       0
       0
       0
       1
       2
       0
       0
       0
       0
       0
       0
       2
       0
       0
       0
       0
       1
       1
       0
       0
       0
       0
       0
       0
       0
       0
       0
       0
       0
       0
       1
       0
       0
       0
       1
       0
       0
       0
       0
       0
       0
       1
       0
       0
       0
       0
       1
       0
       0
       0
       0
       1
       0
       0
       1
       0
       0
       0
       0
       0
       0
       0
       0
       0
       0
       0
       0
       0
       3
       0
       0
       0
       0
       1
       0
       2
       0
       0
       1
       1
       0
       0
       1
       0
       0
       1
       0
       1
       0
       0
       0
       1
       1
       0
       0
       1
       1
       0
       0
       0
       1
       0
       0
       0
       0
       0
       1
       0
       0
       0
       1
       0
       1
       1
       0
       1
       0
       0
       1
       0
       0
       0
       0
       0
       0
       0
       0
       0
       0
       0
       1
       1
       0
       2
       1
       1
       0
       0
       1
       0
       0
       1
       0
       0
       0
       2
       0
       0
       1
       0
       1
       0
       1
       0
       0
       0
       0
       0
       0
       0
       0
       0
       1
       0
       1
       0
       0
       1
       0
       0
       0
       0
       0
       1
       0
       1
       1
       1
       0
       0
       0
       0
       0
       0
       0
       0
       0
       0
       0
       0
       0
       1
       0
       1
       0
       0
       0
       1
       0
       0
       1
       0
       0
       1
       0
       0
       0
       0
       0
       1
       0
       1
       0
       0
       0
       0
       0
       0
       0
       0
       0
       0
       0
       0
       0
       1
       0
       1
       0
       0
       0
       0
       0
       3
       0
       1
       0
       0
       0
       0
       0
       0
       0
       1
       0
       1
       0
       0
       0
       0
       1
       0
       0
       0
       0
       0
       0
       0
       0
       0
       0
       1
       1
       0
       0
       0
       0
       0
       0
       0
       0
       1
       0
       0
       0
       0
       0
       1
       0
       0
       0
       1
       0
       1
       0
       0
       0
       0
       0
       1
       0
       0
       0
       0
       0
       0
       0
       1
       0
       1
       1
       0
       0
       1
       0
       1
       1
       1
       0
       0
       0
       0
       0
       0
       0
       1
       0
       1
       0
       0
       3
       0
       1
       0
       0
       0
       1
       0
       0
       0
       0
       0
       0
       0
       2
       0
       0
       0
       0
       0
       1
       1
       0
       0
       0
       0
       0
       0
       0
       0
       0
       1
       0
       2
       0
       2
       0
       0
       0
       1
       1
       1
       0
       0
       1
       1
       0
       0
       0
       0
       0
       0
       1
       0
       0
       0
       0
       1
       0
       0
       0
       0
       1
       0
       1
       0
       0
       0
       0
       0
       1
       1
       2
       0
       0
       0
       0
       0
       1
       1
       0
       0
       0
       0
       0
       1
       2
       0
       0
       0
       0
       0
       0
       0
       0
       0
       0
       0
       0
       2
       0
       0
       1
       0
       0
       2
       0
       0
       0
       0
       2
       0
       0
       1
       0
       2
       1
       1
       1
       1
       1
       2
       3
       1
       1
       2
       1
       2
       1
       1
       3
       3
       1
       0
       0
       1
       0
       0
       1
       1
       0
       0
       0
       0
       2
       0
       2
       0
       1
       0
       0
       1
       1
       1
       0
       0
       1
       1
       0
       0
       1
       0
       2
       0
       0
       0
       0
       0
       0
       0
       1
       0
       0
       0
       0
       0
       0
       0
       1
       0
       0
       1
       0
       0
       0
       0
       1
       0
       1
       0
       0
       0
       1
       0
       0
       0
       0
       1
       0
       0
       0
       0
       0
       0
       0
       0
       0
       1
       0
       0
       0
       0
       0
       0
       1
       0
       0
       0
       0
       0
       0
       0
       0
       0
       0
       0
       0
       0
       0
       0
       1
       0
       0
       0
       1
       0
       0
       0
       0
       0
       0
       0
       0
       0
       0
       0
       0
       0
       0
       1
       1
       0
       0
       0
       1
       0
       0
       0
       0
       1
       0
       0
       0
       1
       0
       0
       0
       1
       0
       0
       0
       0
       0
       0
       0
       0
       0
       0
       0
       0
       0
       0
       0
       0
       1
       0
       0
       0
       0
       0
       0
       2
       0
       0
       0
       0
       1
       1
       0
       0
       0
       0
       1
       0
       0
       0
       0
       0
       1
       0
       0
       0
       0
       0
       0
       0
       0
       0
       0
       0
       0
       0
       1
       0
       0
       0
       0
       0
       1
       1
       1
       0
       0
       1
       0
       0
       0
       0
       0
       0
       0
       0
       1
       0
       0
       0
       0
       0
       0
       0
       0
       0
       0
       0
       0
       1
       0
       0
       3
       0
       0
       0
       0
       0
       0
       1
       0
       2
       0
       0
       0
       0
       0
       0
       0
       0
       1
       0
       0
       0
       0
       0
       0
       0
       0
       1
       0
       0
       1
       0
       0
       0
       1
       0
       1
       1
       0
       0
       0
       1
       0
       0
       1
       0
       1
       0
       0
       0
       0
       1
       0
       0
       0
       0
       0
       0
       0
       0
       0
       1
       0
       1
       0
       0
       0
       0
       0
       1
       0
       0
       0
       0
       0
       0
       0
       1
       0
       1
       0
       0
       0
       0
       0
       0
       0
       0
       0
       1
       0
       0
       0
       0
       0
       0
       0
       0
       0
       0
       0
       0
       2
       0
       0
       0
       0
       0
       0
       0
       0
       0
       0
       0
       0
       0
       0
       0
       0
       0
       0
       0
       0
       1
       0
       0
       0
       0
       0
       0
       0
       0
       0
       0
       0
       1
       0
       1
       0
       1
       0
       0
       0
       0
       1
       0
       0
       0
       0
       0
       0
       0
       0
       0
       0
       0
       0
       0
       0
       0
       0
       1
       0
       0
       0
       0
       0
       0
       0
       0
       0
       0
       0
       1
       0
       0
       0
       0
       0
       0
       0
       0
       0
       0
       0
       0
       0
       0
       0
       0
       0
       0
       0
       0
       0
       1
       0
       0
       0
       1
       1
       1
       0
       0
       0
       0
       0
       0
       2
       0
       0
       0
       0
       0
       0
       1
       0
       0
       0
       0
       0
       1
       0
       0
       1
       0
       0
       0
       0
       0
       1
       0
       0
       0
       0
       0
       1
       0
       2
       0
       0
       0
       1
       0
       0
       0
       0
       0
       0
       0
       0
       1
       0
       0
       0
       0
       0
       0
       0
       0
       0
       0
       0
       0
       1
       0
       0
       0
       1
       0
       1
       0
       0
       0
       0
       0
       0
       0
       0
       0
       1
       0
       0
       0
       0
       0
       0
       0
       0
       1
       0
       0
       0
       0
       0
       0
       0
       1
       0
       0
       0
       0
       0
       0
       0
       0
       0
       0
       0
       0
       0
       0
       0
       0
       0
       0
       0
       0
       0
       0
       0
       0
       0
       0
       0
       0
       1
       0
       0
       0
       2
       0
       0
       0
       0
       0
       0
       0
       0
       1
       0
       0
       0
       0
       0
       0
       0
       0
       0
       0
       0
       0
       0
       1
       0
       1
       0
       0
       0
       0
       1
       0
       0
       0
       1
       0
       0
       0
       0
       0
       0
       1
       1
       0
       0
       0
       0
       0
       1
       0
       0
       0
       0
       0
       0
       0
       0
       0
       0
       0
       0
       0
       0
       0
       0
       0
       0
       0
       2
       0
       0
       0
       0
       0
       0
       0
       0
       1
       1
       0
       0
       0
       0
       0
       0
       0
       0
       0
       0
       1
       1
       0
       0
       0
       0
       0
       1
       0
       0
       1
       0
       0
       0
       0
       0
       0
       0
       0
       1
       0
       0
       0
       0
       0
       1
       0
       0
       0
       0
       0
       0
       0
       0
       0
       1
       0
       0
       0
       1
       0
       0
       1
       0
       0
       0
       0
       0
       0
       0
       0
       0
       1
       0
       1
       0
       1
       0
       0
       0
       0
       1
       0
       0
       0
       2
       0
       0
       1
       0
       0
       0
       1
       0
       1
       0
       0
       0
       0
       0
       1
       0
       0
       0
       1
       1
       0
       0
       0
       0
       0
       0
       1
       1
       0
       0
       0
       0
       0
       0
       0
       0
       0
       0
       0
       0
       0
       0
       1
       1
       0
       0
       0
       0
       0
       1
       0
       0
       0
       0
       0
       0
       0
       0
       0
       0
       0
       0
       0
       0
       0
       0
       0
       0
       0
       0
       0
       1
       0
       0
       1
       0
       0
       0
       0
       0
       0
       0
       0
       0
       0
       0
       0
       0
       1
       0
       0
       0
       0
       1
       0
       0
       0
       1
       1
       0
       1
       0
       0
       0
       0
       0
       0
       0
       0
       0
       0
       0
       0
       1
       0
       0
       1
       0
       0
       0
       1
       0
       1
       0
       0
       1
       0
       0
       0
       0
       0
       0
       0
       1
       0
       0
       0
       0
       0
       0
       1
       0
       0
       0
       1
       0
       1
       0
       1
       1
       1
       0
       0
       0
       1
       0
       0
       0
       1
       0
       0
       1
       0
       0
       0
       1
       2
       0
       0
       0
       0
       0
       0
       0
       0
       0
       0
       1
       0
       0
       0
       0
       0
       0
       0
       0
       0
       0
       0
       0
       0
       0
       0
       0
       0
       2
       1
       0
       0
       0
       0
       0
       1
       1
       0
       0
       0
       0
       0
       1
       0
       0
       0
       0
       0
       1
       0
       2
       0
       0
       0
       0
       0
       0
       0
       0
       0
       0
       1
       0
       0
       0
       0
       0
       0
       0
       0
       0
       0
       0
       1
       1
       0
       0
       0
       0
       0
       0
       0
       0
       0
       0
       0
       0
       0
       0
       0
       0
       0
       0
       0
       1
       0
       0
       1
       0
       0
       1
       0
       0
       0
       1
       1
       0
       0
       0
       0
       0
       0
       0
       0
       0
       0
       0
       0
       0
       0
       1
       0
       1
       1
       0
       0
       1
       0
       1
       0
       0
       0
       0
       0
       1
       0
       0
       0
       0
       0
       0
       0
       1
       1
       0
       0
       0
       0
       0
       0
       0
       0
       0
       0
       0
       0
       1
       0
       0
       2
       0
       0
       0
       0
       0
       0
       1
       0
       0
       0
       0
       0
       0
       0
       0
       0
       0
       1
       0
       0
       0
       0
       1
       0
       0
       1
       0
       0
       0
       0
       0
       0
       0
       0
       0
       0
       0
       0
       0
       0
       0
       0
       0
       0
       0
       0
       0
       0
       0
       0
       0
       1
       0
       1
       0
       0
       2
       0
       0
       0
       1
       0
       0
       0
       0
       0
       1
       1
       0
       0
       0
       1
       0
       1
       0
       1
       0
       0
       0
       0
       1
       0
       0
       0
       0
       0
       0
       0
       1
       0
       0
       0
       0
       0
       0
       1
       0
       0
       1
       0
       0
       0
       1
       0
       0
       1
       0
       1
       0
       0
       0
       0
       0
       0
       0
       0
       0
       0
       0
       0
       0
       0
       0
       0
       0
       0
       0
       0
       0
       0
       0
       0
       0
       0
       0
       0
       0
       0
       0
       0
       0
       0
       0
       0
       0
       0
       0
       0
       0
       0
       0
       0
       0
       0
       0
       0
       0
       0
       0
       0
       0
       0
       0
       0
       0
       0
       0
       0
       0
       0
       0
       0
       0
       0
       0
       0
       0
       0
       0
       0
       0
       0
       0
       0
       0
       0
       0
       0
       0
       0
       0
       0
       0
       0
       0
       0
       0
       0
       0
       0
       0
       0
       0
       0
       0
       0
       0
       0
       0
       0
       0
       0
       0
       0
       0
       0
       0
       0
       0
       0
       0
       0
       0
       0
       0
       0
       0
       0
       0
       0
       0
       0
       0
       0
       0
       0
       0
       0
       0
       0
$ROI:
1
5857 5884
$PRESETS:
None
0
0
$ENER_FIT:
1.616251 0.378579
$MCA_CAL:
3
1.616251E+000 3.785793E-001 0.000000E+000 keV
$SHAPE_CAL:
3
1.021406E+001 5.547639E-004 0.000000E+000
