$SPEC_ID:
No sample description was entered.
$SPEC_REM:
DET# 1
DETDESC# DESKTOP-PNQJTCJ Easy-MCA-8k SN 09161357
AP# Maestro Version 7.01
$DATE_MEA:
09/27/2018 14:55:16
$MEAS_TIM:
1091 1111
$DATA:
0 8191
       0
       0
       0
       0
       0
       0
       0
       0
       0
       0
       0
       0
       0
       0
       0
       1
      33
     293
    1131
    2789
    4918
    6373
    6591
    6006
    5662
    5326
    5169
    5434
    5293
    5231
    5132
    5239
    5244
    4864
    4653
    4506
    4564
    4283
    4127
    5623
   15344
   14245
    6028
    5509
    5287
    5336
    5133
    5283
    5134
    5179
    4923
    4975
    4901
    4694
    4455
    4246
    4061
    3886
    3643
    3571
    3350
    3327
    3359
    3168
    3273
    3189
    3162
    3051
    3102
    3083
    3432
    3717
    4250
    4963
    6054
    6847
    8084
    8960
    9359
    9171
    8688
    7791
    6582
    5798
    5053
    4610
    4449
    4252
    4367
    4490
    4462
    4275
    4024
    3839
    3480
    3176
    2882
    2682
    2513
    2464
    2318
    2254
    2200
    2110
    2086
    2158
    2182
    2103
    2087
    2088
    2123
    2045
    2158
    2019
    2066
    2038
    1997
    1958
    1944
    1955
    1934
    1933
    2057
    2019
    1914
    1878
    1970
    1924
    1899
    1842
    1956
    1933
    1923
    1901
    1865
    1834
    1859
    1856
    1887
    1878
    1864
    1872
    1847
    1779
    1728
    1866
    1863
    1763
    1819
    1715
    1793
    1813
    1788
    1796
    1675
    1789
    1741
    1782
    1785
    1725
    1725
    1722
    1710
    1720
    1668
    1716
    1675
    1656
    1662
    1641
    1696
    1638
    1680
    1621
    1651
    1667
    1624
    1634
    1586
    1603
    1645
    1647
    1636
    1678
    1634
    1616
    1636
    1644
    1589
    1632
    1714
    1564
    1624
    1574
    1561
    1674
    1550
    1565
    1565
    1528
    1642
    1606
    1671
    1621
    1668
    1641
    1515
    1539
    1557
    1550
    1549
    1576
    1551
    1496
    1611
    1529
    1488
    1542
    1537
    1574
    1554
    1583
    1569
    1596
    1553
    1571
    1566
    1624
    1611
    1605
    1525
    1562
    1579
    1544
    1568
    1509
    1558
    1535
    1544
    1612
    1647
    1559
    1585
    1608
    1610
    1649
    1631
    1580
    1527
    1588
    1625
    1565
    1550
    1578
    1667
    1616
    1564
    1541
    1546
    1585
    1550
    1604
    1669
    1588
    1651
    1679
    1685
    1679
    1662
    1554
    1582
    1582
    1591
    1638
    1610
    1652
    1681
    1688
    1676
    1678
    1687
    1659
    1660
    1748
    1635
    1706
    1728
    1699
    1656
    1721
    1659
    1669
    1781
    1743
    1671
    1709
    1759
    1745
    1890
    1721
    1753
    1784
    1750
    1822
    1748
    1758
    1793
    1795
    1802
    1734
    1817
    1713
    1777
    1707
    1824
    1751
    1811
    1782
    1797
    1850
    1781
    1762
    1900
    1807
    1791
    1840
    1818
    1832
    1773
    1833
    1822
    1813
    1780
    1873
    1826
    1769
    1814
    1796
    1782
    1844
    1903
    1796
    1803
    1878
    1788
    1845
    1845
    1782
    1869
    1837
    1781
    1799
    1857
    1900
    1852
    1843
    1851
    1854
    1877
    1821
    1884
    1816
    1858
    1832
    1789
    1862
    1792
    1798
    1750
    1815
    1829
    1861
    1832
    1773
    1822
    1826
    1777
    1842
    1852
    1822
    1860
    1752
    1726
    1767
    1812
    1822
    1818
    1785
    1842
    1787
    1825
    1743
    1760
    1832
    1761
    1800
    1827
    1723
    1850
    1839
    1850
    1809
    1689
    1752
    1784
    1756
    1716
    1779
    1758
    1873
    1785
    1814
    1724
    1809
    1756
    1829
    1764
    1791
    1722
    1745
    1756
    1705
    1757
    1722
    1769
    1796
    1848
    1746
    1871
    1796
    1825
    1760
    1851
    1745
    1840
    1771
    1736
    1809
    1802
    1817
    1753
    1729
    1800
    1799
    1745
    1870
    1816
    1760
    1770
    1813
    1740
    1741
    1740
    1843
    1765
    1744
    1810
    1779
    1801
    1729
    1724
    1698
    1770
    1757
    1763
    1692
    1817
    1781
    1777
    1744
    1738
    1725
    1740
    1752
    1751
    1813
    1735
    1729
    1676
    1742
    1672
    1818
    1745
    1854
    1783
    1832
    1757
    1762
    1789
    1843
    1804
    1809
    1883
    1794
    1846
    1818
    1782
    1755
    1836
    1861
    1899
    1845
    1839
    1825
    1789
    1757
    1788
    1757
    1742
    1812
    1784
    1777
    1758
    1795
    1742
    1778
    1762
    1792
    1836
    1725
    1762
    1708
    1703
    1696
    1714
    1753
    1780
    1743
    1743
    1796
    1755
    1723
    1721
    1744
    1748
    1743
    1810
    1732
    1667
    1738
    1646
    1713
    1729
    1770
    1731
    1633
    1649
    1667
    1662
    1699
    1675
    1637
    1693
    1743
    1673
    1621
    1663
    1700
    1711
    1676
    1653
    1685
    1718
    1571
    1656
    1594
    1640
    1646
    1529
    1596
    1653
    1584
    1574
    1601
    1627
    1619
    1604
    1574
    1548
    1554
    1557
    1511
    1631
    1552
    1576
    1640
    1640
    1561
    1601
    1556
    1564
    1577
    1585
    1536
    1580
    1527
    1575
    1580
    1481
    1528
    1438
    1477
    1608
    1555
    1526
    1563
    1472
    1478
    1543
    1488
    1557
    1557
    1499
    1485
    1524
    1524
    1582
    1528
    1535
    1508
    1436
    1447
    1515
    1520
    1517
    1508
    1586
    1515
    1486
    1504
    1464
    1477
    1445
    1477
    1505
    1400
    1417
    1520
    1457
    1418
    1415
    1486
    1525
    1432
    1451
    1445
    1422
    1441
    1397
    1465
    1380
    1412
    1458
    1488
    1404
    1426
    1504
    1420
    1414
    1411
    1406
    1388
    1348
    1399
    1378
    1309
    1442
    1382
    1359
    1416
    1414
    1366
    1417
    1367
    1384
    1406
    1406
    1328
    1338
    1386
    1357
    1377
    1352
    1379
    1401
    1329
    1370
    1314
    1402
    1347
    1327
    1342
    1363
    1414
    1354
    1308
    1332
    1363
    1364
    1371
    1413
    1385
    1315
    1301
    1301
    1398
    1300
    1318
    1356
    1409
    1290
    1211
    1349
    1361
    1327
    1298
    1349
    1373
    1300
    1277
    1347
    1373
    1387
    1344
    1362
    1315
    1316
    1308
    1303
    1332
    1325
    1337
    1315
    1338
    1344
    1284
    1337
    1335
    1290
    1356
    1308
    1346
    1325
    1326
    1336
    1338
    1351
    1289
    1356
    1283
    1248
    1359
    1320
    1281
    1275
    1267
    1280
    1328
    1347
    1262
    1348
    1241
    1285
    1280
    1289
    1306
    1297
    1289
    1267
    1330
    1278
    1280
    1253
    1254
    1263
    1279
    1265
    1310
    1287
    1276
    1255
    1240
    1237
    1256
    1244
    1258
    1268
    1219
    1212
    1299
    1264
    1330
    1283
    1249
    1264
    1249
    1276
    1202
    1234
    1274
    1215
    1317
    1234
    1285
    1290
    1212
    1247
    1204
    1278
    1303
    1313
    1288
    1288
    1239
    1203
    1294
    1250
    1178
    1284
    1207
    1208
    1262
    1180
    1263
    1189
    1256
    1191
    1200
    1246
    1225
    1182
    1212
    1214
    1250
    1184
    1190
    1227
    1241
    1258
    1197
    1243
    1207
    1192
    1221
    1154
    1272
    1189
    1274
    1160
    1162
    1199
    1219
    1235
    1191
    1242
    1208
    1238
    1219
    1183
    1254
    1216
    1196
    1218
    1202
    1244
    1154
    1225
    1171
    1169
    1167
    1219
    1193
    1266
    1144
    1197
    1253
    1180
    1193
    1191
    1226
    1189
    1221
    1176
    1176
    1179
    1248
    1162
    1151
    1190
    1256
    1181
    1192
    1181
    1187
    1177
    1161
    1119
    1130
    1200
    1116
    1165
    1200
    1215
    1117
    1157
    1097
    1110
    1180
    1172
    1177
    1148
    1129
    1162
    1176
    1188
    1166
    1180
    1136
    1158
    1188
    1122
    1176
    1077
    1164
    1188
    1180
    1128
    1177
    1197
    1174
    1140
    1184
    1168
    1166
    1141
    1117
    1060
    1180
    1194
    1137
    1139
    1138
    1181
    1169
    1190
    1157
    1139
    1171
    1149
    1105
    1166
    1183
    1132
    1110
    1160
    1163
    1147
    1151
    1167
    1086
    1148
    1144
    1149
    1144
    1160
    1147
    1157
    1132
    1077
    1189
    1126
    1095
    1160
    1188
    1137
    1125
    1176
    1126
    1098
    1110
    1106
    1118
    1151
    1132
    1137
    1127
    1168
    1149
    1146
    1094
    1150
    1155
    1158
    1081
    1119
    1162
    1163
    1165
    1147
    1129
    1102
    1179
    1132
    1103
    1158
    1156
    1189
    1138
    1149
    1114
    1077
    1060
    1132
    1102
    1162
    1125
    1116
    1118
    1057
    1146
    1154
    1136
    1119
    1152
    1113
    1061
    1087
    1159
    1135
    1206
    1081
    1151
    1096
    1104
    1153
    1124
    1167
    1185
    1164
    1154
    1160
    1182
    1104
    1153
    1097
    1201
    1130
    1104
    1144
    1141
    1160
    1142
    1123
    1097
    1088
    1127
    1126
    1147
    1110
    1155
    1137
    1153
    1114
    1166
    1111
    1152
    1145
    1170
    1113
    1165
    1151
    1143
    1136
    1153
    1148
    1099
    1138
    1169
    1099
    1142
    1160
    1111
    1123
    1126
    1127
    1167
    1145
    1170
    1147
    1127
    1134
    1156
    1180
    1185
    1147
    1178
    1110
    1126
    1232
    1141
    1093
    1180
    1154
    1159
    1133
    1157
    1157
    1137
    1156
    1180
    1188
    1196
    1169
    1184
    1150
    1137
    1153
    1197
    1202
    1197
    1130
    1148
    1168
    1157
    1116
    1156
    1205
    1182
    1132
    1142
    1204
    1162
    1209
    1143
    1219
    1188
    1161
    1167
    1202
    1198
    1248
    1146
    1216
    1207
    1226
    1276
    1203
    1252
    1238
    1193
    1262
    1222
    1194
    1199
    1277
    1236
    1268
    1169
    1306
    1220
    1249
    1282
    1277
    1276
    1210
    1308
    1211
    1255
    1214
    1240
    1275
    1186
    1243
    1276
    1188
    1302
    1287
    1214
    1247
    1271
    1258
    1254
    1209
    1265
    1288
    1302
    1243
    1249
    1215
    1280
    1277
    1284
    1213
    1236
    1259
    1293
    1233
    1312
    1266
    1291
    1319
    1311
    1272
    1273
    1275
    1218
    1266
    1300
    1226
    1293
    1235
    1253
    1280
    1227
    1252
    1268
    1281
    1319
    1254
    1286
    1241
    1283
    1270
    1359
    1325
    1275
    1255
    1377
    1259
    1227
    1303
    1303
    1269
    1258
    1309
    1312
    1271
    1310
    1229
    1186
    1203
    1206
    1230
    1243
    1259
    1094
    1187
    1167
    1180
    1110
    1114
    1192
    1116
    1032
    1131
    1028
    1085
    1047
    1067
    1037
     985
     893
     946
     915
     956
     942
     901
     872
     864
     854
     895
     817
     793
     831
     813
     791
     819
     800
     788
     735
     749
     804
     755
     804
     736
     850
     716
     757
     728
     730
     766
     758
     724
     768
     733
     752
     750
     725
     719
     771
     721
     661
     710
     643
     651
     680
     669
     648
     712
     725
     691
     643
     672
     703
     646
     695
     682
     662
     663
     672
     601
     655
     634
     608
     645
     584
     635
     633
     610
     670
     623
     586
     634
     634
     654
     587
     613
     582
     601
     632
     592
     630
     568
     628
     586
     587
     641
     614
     603
     565
     595
     596
     551
     597
     548
     531
     593
     509
     524
     578
     535
     551
     555
     574
     568
     554
     531
     543
     576
     559
     558
     517
     557
     549
     520
     531
     495
     536
     540
     536
     500
     518
     517
     535
     458
     469
     492
     499
     518
     489
     513
     482
     479
     461
     457
     478
     476
     465
     465
     476
     444
     467
     452
     432
     459
     455
     483
     425
     503
     427
     489
     430
     419
     435
     421
     465
     429
     418
     394
     368
     405
     417
     397
     429
     383
     420
     401
     418
     389
     381
     398
     398
     398
     381
     375
     374
     388
     358
     380
     398
     363
     385
     392
     365
     332
     369
     354
     386
     354
     323
     343
     345
     364
     358
     338
     304
     320
     358
     379
     320
     351
     336
     336
     345
     317
     324
     315
     313
     319
     323
     293
     301
     284
     313
     308
     300
     297
     288
     286
     312
     269
     314
     292
     318
     273
     276
     299
     279
     268
     304
     275
     313
     285
     285
     244
     288
     283
     256
     266
     289
     271
     235
     251
     260
     234
     239
     220
     277
     252
     279
     242
     258
     243
     229
     267
     250
     246
     242
     249
     242
     243
     228
     233
     243
     234
     222
     258
     204
     229
     218
     226
     225
     267
     252
     231
     244
     210
     233
     231
     221
     246
     229
     254
     215
     213
     218
     224
     223
     209
     203
     200
     208
     210
     227
     192
     211
     215
     206
     221
     189
     195
     216
     190
     190
     202
     174
     190
     206
     215
     223
     221
     186
     205
     188
     187
     178
     195
     192
     179
     171
     186
     191
     208
     187
     193
     198
     201
     190
     177
     195
     173
     167
     192
     176
     177
     161
     177
     180
     163
     154
     183
     173
     192
     170
     178
     167
     165
     169
     151
     142
     165
     155
     179
     171
     171
     150
     149
     180
     140
     171
     169
     172
     170
     153
     156
     180
     151
     150
     154
     147
     166
     153
     140
     171
     145
     161
     148
     157
     137
     122
     148
     137
     149
     157
     155
     128
     140
     139
     134
     149
     137
     142
     150
     149
     151
     142
     135
     130
     122
     133
     155
     138
     125
     129
     140
     156
     150
     137
     160
     146
     103
     138
     144
     153
     155
     126
     114
     120
     128
     139
     153
     130
     135
     131
     143
     135
     157
     124
     141
     136
     133
     153
     148
     165
     149
     179
     148
     123
     162
     152
     145
     179
     163
     145
     174
     193
     166
     157
     216
     196
     190
     180
     201
     215
     232
     249
     241
     279
     284
     299
     351
     374
     377
     457
     572
     635
     773
     976
    1174
    1445
    2110
    2685
    3692
    5012
    6679
    8996
   11641
   14405
   17309
   19757
   21508
   22137
   21228
   19581
   16806
   13694
   10665
    8069
    5992
    4326
    3099
    2450
    1844
    1476
    1194
     947
     708
     631
     540
     348
     330
     251
     220
     202
     143
     135
     115
      88
      86
      75
      68
      64
      54
      53
      37
      43
      28
      28
      29
      30
      14
      26
      19
      18
      13
      18
      13
      15
      15
      13
      21
      13
      10
      22
      22
      25
      15
      15
       8
      16
      11
       7
      13
      15
      14
      11
      13
       8
       6
      18
      12
       6
      12
       9
      10
      15
       5
      13
      15
      13
      14
      13
      10
       7
      12
       7
      14
      14
      15
      12
      13
       6
       9
      10
       9
       5
      10
       6
       9
       3
      12
       9
      10
      18
      13
       4
       6
      10
      13
       8
      10
       9
       6
      13
       7
       9
       8
      12
       8
       9
       1
       4
       7
       8
       7
      12
      11
       9
       8
       5
      12
       7
      10
       9
       6
      10
       9
       5
       4
      10
      11
      11
      10
       6
      11
       6
       6
       9
      10
       8
       7
       7
       4
      16
       6
      14
       8
       7
       4
       7
      10
       7
       6
       9
      10
      13
       5
       4
       5
      18
      10
      10
      10
      11
       9
       6
       7
       8
      11
       5
      10
       8
       4
       7
       7
       9
       9
      12
       9
       5
      10
       7
       7
       6
       5
       6
       9
       4
       5
       3
       8
      12
       5
       7
       4
      11
       9
       9
      13
       3
       5
       3
       8
       3
       5
       4
       5
       5
       5
       9
      11
       9
       4
       8
       6
       8
       6
       5
       7
       4
      12
       7
       9
       5
       3
       4
       6
      10
      10
       9
       5
      12
       5
       5
       5
       4
       5
       8
       6
       8
       6
       8
      14
       6
      12
       3
       5
       8
       4
      12
      13
       9
       3
       2
      11
       5
       7
       6
       3
       5
      11
       9
       5
       6
       5
       4
       4
      11
       9
       7
       5
       5
       7
       7
       5
       5
       2
       4
       1
       5
       3
       3
       9
       9
      14
       5
       4
       8
       7
       9
       3
       8
       7
       3
      10
       3
       4
       6
       4
       2
       4
       6
       6
       6
       6
       7
      13
       8
       9
       7
       7
       4
       6
       6
       4
       5
       9
       5
       4
       4
       4
       6
       1
       6
       5
       5
       6
       2
       8
       5
      11
      12
       8
       5
       7
       7
       9
       4
      10
      10
      10
       6
       5
       5
      10
       5
       4
      12
      12
      11
       2
       5
       8
       2
       4
       9
       5
       4
       5
       4
       7
       6
       5
       7
       3
       5
       4
       6
       4
       5
       8
       6
       9
       6
      11
       9
       7
       5
       7
       7
       6
       7
       6
       6
       3
       2
       6
       4
       6
       5
       9
      12
       7
       6
       6
       6
       5
       6
       2
       7
       3
       9
       9
       6
       5
       4
       8
       9
       5
       3
       5
       7
       6
       5
       5
       4
       4
      10
       8
       5
       3
       5
       0
       2
       6
       4
       4
       5
       2
       5
       3
       3
       4
      10
       1
       4
       4
       9
       2
       5
       7
       4
       7
       7
       7
       6
       9
       9
       5
       1
       8
       0
       6
       4
       1
       4
       4
       6
       5
       7
       3
       5
       4
       6
       6
       3
       3
       6
       4
       4
       4
       6
       2
       6
       5
       3
       4
       4
       6
       4
       1
       5
       7
       3
       8
       3
       3
       0
       4
       4
       1
       5
       3
       7
       3
       2
      12
       2
       3
       2
       3
       4
       8
       7
       8
       8
       4
       7
       4
       5
       3
       2
       2
       8
       6
       5
       5
       5
       7
       9
       9
       6
       3
       5
       3
       4
       3
       4
       3
       3
       3
       1
       3
       5
       3
       5
       4
       9
       4
       4
       3
       2
       5
       5
       5
      11
       5
       4
       5
       3
       5
       2
       4
       1
       9
       3
       6
       2
       3
       8
       5
       5
       3
       3
       4
       1
       3
       3
       4
       4
       1
       2
       5
       4
       4
       3
       5
       4
       9
       5
       3
       7
       2
       5
       2
       3
       5
       3
       5
       7
       7
       2
       7
       5
       2
       3
       1
       3
       7
       5
       5
       4
       7
       7
       7
       5
       2
       4
       3
       4
       3
       4
       1
       6
       3
       3
       3
       1
       3
       2
       2
       5
       2
       5
       2
       4
       6
       4
       3
       4
       6
       5
       2
       4
       4
       3
       6
       4
       2
       5
       2
       1
       5
       4
       1
       3
       3
       2
       6
       4
       7
       4
       5
       3
       4
       1
       5
       2
       3
       6
       5
       2
       3
       0
       2
       4
       2
       2
       5
       5
       4
       6
       2
       0
       2
       2
       4
       2
       2
       6
       2
       1
       4
       3
       2
       4
       5
       8
       2
       4
       4
       2
       5
       2
       7
       5
       2
       5
       1
       3
       4
       7
       2
       4
       7
       2
       5
       0
       5
       0
       3
       4
       4
       5
       4
       6
       3
       0
       2
       1
       4
       6
       5
       4
       1
       3
       4
       2
       1
       3
       6
       2
       3
       3
       3
       2
       3
       2
       2
       7
       7
       0
       3
       0
       3
       2
       3
       3
       6
       4
       5
       1
       4
       2
       4
       6
       4
       3
       2
       3
       5
       2
       4
       5
       3
       2
       0
       2
       1
       5
       0
       0
       4
       1
       2
       0
       2
       1
       2
       2
       3
       4
       5
       0
       3
       1
       4
       6
       3
       4
       4
       2
       3
       3
       8
       4
       3
       2
       6
       5
       1
       8
       7
       5
       4
       7
       2
       0
       2
       1
       2
       1
       3
       3
       3
       3
       3
       3
       1
       1
       0
       3
       7
       3
       0
       6
       4
       1
       3
       0
       4
       2
       5
       0
       7
       3
       3
       2
       4
       0
       3
       1
       3
       2
       2
       4
       0
       3
       2
       4
       4
       3
       1
       4
       1
       0
       4
       4
       3
       2
       3
       5
       4
       1
       0
       4
       3
       1
       0
       1
       2
       4
       3
       3
       6
       0
       2
       3
       1
       3
       0
       2
       4
       1
       1
       4
       3
       5
       1
       2
       2
       1
       2
       1
       6
       4
       1
       1
       3
       2
       0
       2
       3
       1
       3
       2
       1
       3
       2
       2
       1
       4
       2
       2
       4
       1
       3
       2
       5
       2
       2
       5
       1
       3
       2
       0
       5
       2
       2
       1
       3
       1
       4
       3
       3
       2
       4
       3
       1
       0
       4
       2
       6
       3
       1
       1
       2
       2
       2
       3
       2
       1
       2
       6
       0
       1
       0
       4
       2
       1
       3
       5
       3
       2
       4
       1
       3
       1
       2
       1
       1
       2
       0
       3
       1
       6
       2
       6
       2
       1
       3
       2
       3
       0
       0
       3
       2
       4
       4
       3
       5
       2
       6
       0
       6
       0
       3
       0
       2
       2
       1
       3
       2
       3
       2
       0
       1
       4
       5
       1
       5
       3
       2
       6
       3
       3
       5
       3
       1
       3
       0
       2
       3
       4
       0
       1
       0
       0
       1
       4
       2
       2
       0
       3
       2
       1
       0
       0
       5
       1
       1
       1
       4
       0
       2
       1
       5
       0
       4
       2
       1
       2
       2
       2
       2
       2
       1
       6
       1
       1
       2
       2
       3
       0
       2
       1
       6
       2
       3
       3
       5
       0
       2
       1
       2
       2
       2
       2
       0
       3
       2
       3
       6
       1
       2
       2
       2
       1
       2
       1
       5
       2
       2
       2
       1
       3
       3
       5
       1
       2
       3
       1
       3
       2
       2
       2
       4
       0
       4
       4
       2
       2
       1
       4
       2
       3
       3
       0
       2
       3
       4
       2
       2
       2
       2
       1
       1
       1
       5
       3
       0
       3
       1
       1
       4
       2
       1
       0
       3
       0
       2
       3
       3
       3
       2
       0
       5
       1
       2
       6
       0
       3
       2
       3
       1
       4
       1
       2
       0
       3
       1
       3
       0
       2
       1
       1
       3
       1
       4
       1
       6
       5
       1
       0
       2
       1
       4
       3
       1
       1
       3
       0
       1
       2
       2
       2
       2
       1
       2
       4
       3
       2
       4
       1
       0
       2
       0
       4
       1
       3
       2
       6
       5
       4
       6
       0
       6
       3
       4
       2
       1
       3
       2
       0
       5
       0
       1
       0
       5
       1
       3
       3
       3
       3
       2
       4
       0
       0
       1
       6
       1
       1
       2
       2
       3
       2
       0
       1
       1
       1
       2
       3
       1
       2
       3
       2
       1
       4
       1
       4
       3
       2
       3
       3
       2
       1
       1
       1
       1
       2
       3
       1
       2
       2
       2
       1
       2
       1
       1
       1
       1
       3
       0
       2
       1
       1
       0
       1
       0
       0
       2
       4
       3
       2
       0
       1
       2
       1
       0
       2
       0
       3
       0
       4
       4
       2
       3
       4
       1
       1
       2
       2
       2
       1
       1
       2
       0
       1
       0
       2
       0
       1
       0
       0
       1
       4
       1
       0
       1
       3
       0
       1
       2
       2
       4
       1
       2
       0
       1
       3
       1
       3
       1
       1
       2
       1
       3
       2
       2
       4
       2
       1
       1
       1
       3
       2
       0
       4
       6
       5
       2
       0
       2
       2
       1
       2
       2
       2
       0
       1
       2
       1
       2
       3
       2
       2
       3
       2
       2
       1
       2
       1
       2
       2
       0
       1
       3
       1
       1
       2
       0
       1
       4
       1
       5
       1
       3
       0
       2
       2
       1
       1
       3
       1
       1
       2
       0
       0
       2
       1
       1
       1
       4
       4
       1
       1
       1
       0
       1
       1
       1
       2
       1
       2
       1
       2
       3
       2
       0
       2
       1
       3
       3
       0
       0
       0
       1
       1
       2
       5
       1
       0
       1
       1
       0
       0
       3
       2
       0
       3
       1
       0
       1
       1
       0
       2
       2
       0
       1
       1
       1
       1
       0
       2
       1
       1
       1
       3
       2
       1
       0
       0
       1
       3
       2
       0
       1
       4
       1
       3
       1
       5
       0
       2
       0
       0
       1
       0
       1
       0
       3
       3
       0
       2
       1
       2
       3
       0
       1
       1
       1
       1
       2
       3
       1
       2
       1
       1
       1
       1
       3
       5
       1
       1
       2
       3
       0
       2
       1
       1
       3
       1
       1
       4
       1
       2
       1
       2
       0
       0
       1
       0
       1
       2
       2
       2
       0
       1
       3
       2
       1
       6
       2
       2
       1
       2
       2
       1
       0
       1
       7
       1
       0
       1
       1
       0
       4
       0
       2
       0
       2
       1
       4
       1
       1
       0
       2
       3
       1
       1
       2
       0
       3
       0
       0
       1
       4
       0
       0
       2
       2
       0
       0
       2
       0
       1
       4
       1
       2
       0
       1
       4
       2
       0
       3
       0
       0
       2
       0
       2
       0
       1
       1
       1
       2
       0
       3
       0
       0
       1
       1
       2
       0
       2
       1
       1
       1
       0
       0
       3
       0
       1
       1
       0
       1
       2
       1
       1
       1
       1
       1
       1
       1
       0
       3
       1
       0
       2
       1
       1
       0
       1
       2
       1
       2
       0
       2
       2
       3
       1
       1
       1
       1
       0
       2
       0
       0
       2
       1
       1
       1
       0
       2
       0
       0
       0
       1
       0
       4
       0
       2
       0
       1
       3
       2
       2
       0
       1
       1
       1
       2
       1
       0
       1
       0
       2
       1
       2
       0
       1
       2
       2
       0
       0
       0
       1
       2
       3
       1
       2
       2
       2
       5
       1
       1
       2
       3
       1
       3
       0
       0
       1
       0
       2
       2
       2
       1
       0
       0
       0
       2
       1
       1
       0
       0
       0
       0
       2
       0
       0
       1
       0
       2
       1
       0
       1
       1
       1
       1
       0
       0
       2
       1
       1
       1
       0
       2
       2
       4
       0
       1
       1
       1
       1
       0
       0
       1
       1
       1
       2
       0
       0
       0
       2
       1
       0
       1
       1
       1
       1
       0
       1
       0
       2
       1
       0
       1
       1
       1
       3
       1
       1
       0
       2
       1
       1
       0
       0
       0
       0
       1
       1
       1
       1
       0
       1
       1
       2
       0
       1
       2
       0
       1
       0
       1
       1
       0
       2
       0
       2
       0
       0
       1
       1
       1
       2
       0
       0
       0
       1
       0
       3
       1
       1
       0
       2
       0
       0
       0
       0
       1
       2
       0
       1
       1
       1
       1
       0
       0
       2
       2
       1
       0
       1
       1
       0
       1
       1
       1
       1
       1
       1
       1
       1
       1
       0
       1
       1
       1
       2
       0
       0
       0
       0
       0
       1
       1
       0
       2
       0
       0
       0
       0
       1
       1
       2
       1
       3
       2
       0
       2
       1
       2
       2
       2
       3
       1
       1
       1
       2
       0
       1
       1
       3
       1
       0
       2
       1
       2
       0
       1
       0
       2
       0
       2
       0
       0
       0
       0
       0
       0
       0
       0
       2
       0
       0
       0
       1
       1
       1
       0
       0
       0
       0
       0
       1
       0
       1
       0
       1
       1
       1
       0
       0
       1
       1
       0
       1
       0
       1
       3
       0
       0
       1
       0
       4
       0
       1
       0
       1
       1
       1
       0
       0
       0
       1
       0
       2
       1
       2
       1
       1
       1
       1
       1
       0
       0
       1
       0
       0
       1
       0
       2
       2
       0
       0
       0
       0
       1
       0
       3
       0
       0
       1
       0
       0
       1
       1
       0
       0
       0
       1
       1
       2
       1
       1
       0
       0
       1
       0
       0
       0
       3
       0
       0
       0
       0
       5
       1
       1
       1
       0
       0
       3
       1
       1
       1
       0
       0
       0
       2
       0
       1
       4
       0
       0
       1
       2
       1
       1
       2
       0
       2
       1
       0
       0
       0
       0
       2
       1
       2
       0
       0
       0
       0
       2
       0
       0
       1
       0
       0
       1
       0
       1
       1
       0
       0
       0
       0
       1
       0
       1
       1
       0
       0
       0
       2
       1
       0
       0
       2
       0
       0
       1
       1
       1
       0
       1
       1
       1
       2
       0
       0
       1
       2
       1
       3
       0
       2
       1
       0
       1
       5
       1
       4
       3
       0
       0
       3
       7
       8
       5
       7
       4
       3
       9
       5
      13
       9
       8
      16
       7
      11
       4
       6
       2
       2
       1
       3
       1
       3
       1
       0
       4
       0
       0
       0
       0
       2
       0
       3
       1
       0
       0
       0
       1
       0
       1
       3
       0
       0
       1
       1
       0
       1
       0
       0
       0
       0
       0
       0
       0
       0
       1
       0
       0
       1
       0
       1
       0
       0
       0
       1
       0
       1
       0
       0
       0
       1
       0
       1
       0
       1
       0
       2
       0
       0
       0
       0
       2
       0
       0
       0
       0
       0
       0
       0
       2
       0
       0
       1
       1
       0
       0
       0
       0
       0
       0
       0
       1
       1
       1
       0
       0
       2
       1
       0
       0
       1
       2
       0
       0
       0
       1
       0
       0
       1
       1
       0
       0
       0
       0
       2
       2
       0
       0
       1
       0
       0
       0
       0
       1
       1
       0
       1
       0
       0
       0
       0
       0
       0
       2
       0
       1
       0
       0
       1
       0
       0
       0
       0
       0
       0
       2
       2
       0
       0
       0
       0
       0
       0
       0
       0
       0
       0
       0
       0
       0
       0
       0
       0
       0
       0
       0
       0
       0
       0
       0
       0
       1
       0
       2
       0
       0
       0
       0
       0
       0
       0
       0
       0
       1
       1
       0
       0
       0
       1
       0
       0
       0
       0
       0
       0
       1
       0
       0
       2
       1
       0
       0
       1
       0
       0
       0
       0
       0
       1
       1
       0
       1
       0
       0
       1
       1
       0
       2
       0
       0
       0
       0
       0
       0
       0
       0
       1
       0
       0
       0
       1
       0
       0
       0
       0
       1
       0
       1
       0
       0
       1
       0
       0
       0
       1
       0
       0
       0
       0
       1
       1
       0
       0
       0
       3
       1
       0
       0
       0
       0
       0
       0
       0
       0
       0
       1
       0
       1
       0
       1
       2
       0
       0
       0
       0
       1
       0
       0
       0
       0
       0
       1
       1
       0
       0
       0
       0
       0
       2
       1
       0
       0
       0
       0
       0
       1
       0
       0
       1
       0
       2
       0
       1
       0
       0
       0
       1
       0
       1
       0
       0
       0
       0
       1
       0
       2
       1
       0
       0
       0
       2
       1
       0
       1
       0
       0
       0
       1
       1
       0
       1
       0
       1
       0
       2
       0
       1
       1
       2
       1
       0
       1
       0
       0
       0
       2
       0
       2
       1
       0
       1
       0
       1
       1
       0
       0
       1
       1
       0
       1
       0
       0
       1
       0
       0
       0
       0
       0
       0
       0
       0
       0
       1
       1
       0
       0
       0
       2
       0
       0
       0
       0
       0
       0
       1
       0
       1
       1
       0
       0
       0
       0
       1
       0
       1
       0
       0
       1
       3
       1
       0
       1
       0
       1
       1
       2
       1
       1
       0
       0
       0
       0
       0
       1
       0
       0
       0
       0
       0
       0
       0
       0
       0
       0
       0
       0
       0
       1
       0
       0
       0
       0
       0
       0
       0
       0
       0
       1
       0
       0
       0
       0
       0
       2
       2
       1
       0
       1
       0
       0
       1
       1
       0
       1
       0
       0
       1
       0
       0
       1
       1
       0
       1
       0
       0
       0
       0
       1
       1
       0
       0
       0
       0
       0
       0
       0
       0
       0
       0
       0
       0
       2
       1
       0
       0
       0
       0
       0
       1
       0
       0
       0
       0
       0
       1
       0
       0
       0
       0
       0
       0
       1
       0
       0
       0
       0
       0
       0
       0
       0
       0
       0
       0
       0
       0
       0
       0
       0
       1
       2
       0
       0
       0
       0
       0
       0
       0
       0
       1
       0
       0
       0
       0
       0
       0
       0
       0
       0
       0
       0
       1
       0
       0
       0
       0
       1
       1
       0
       1
       0
       0
       0
       0
       0
       1
       0
       2
       1
       0
       0
       0
       0
       1
       0
       1
       0
       1
       0
       1
       0
       0
       0
       1
       0
       1
       1
       0
       1
       0
       1
       0
       0
       0
       0
       0
       0
       1
       0
       0
       0
       3
       1
       0
       1
       1
       0
       0
       0
       0
       0
       0
       0
       0
       1
       0
       0
       0
       0
       0
       0
       1
       0
       0
       1
       0
       2
       2
       1
       0
       0
       0
       0
       0
       0
       0
       0
       0
       0
       0
       0
       0
       1
       2
       0
       0
       0
       0
       0
       0
       0
       0
       0
       0
       0
       0
       0
       0
       0
       0
       0
       0
       0
       0
       0
       0
       0
       0
       0
       0
       0
       0
       0
       1
       0
       0
       0
       0
       0
       0
       0
       0
       0
       0
       0
       0
       1
       0
       0
       0
       0
       0
       0
       0
       1
       0
       0
       0
       0
       0
       0
       1
       2
       0
       1
       0
       1
       0
       0
       0
       1
       0
       0
       0
       0
       0
       1
       1
       0
       2
       1
       1
       1
       0
       0
       1
       0
       0
       0
       0
       0
       0
       0
       0
       0
       1
       1
       1
       0
       0
       0
       1
       0
       0
       1
       0
       0
       0
       0
       0
       0
       0
       0
       0
       0
       0
       0
       2
       1
       0
       0
       1
       1
       0
       0
       0
       0
       0
       0
       0
       2
       1
       1
       0
       0
       0
       1
       0
       0
       0
       1
       0
       0
       0
       0
       3
       0
       1
       1
       0
       1
       0
       0
       0
       0
       0
       1
       1
       0
       0
       0
       2
       0
       0
       1
       0
       2
       3
       3
       0
       0
       1
       0
       3
       1
       1
       1
       1
       0
       0
       0
       0
       1
       0
       0
       0
       0
       0
       1
       0
       0
       0
       1
       0
       0
       0
       0
       0
       0
       0
       1
       0
       0
       0
       0
       0
       0
       0
       0
       0
       0
       0
       2
       0
       0
       0
       0
       0
       0
       0
       0
       0
       0
       0
       0
       0
       1
       0
       0
       0
       0
       0
       0
       0
       0
       0
       2
       1
       0
       0
       0
       0
       1
       0
       0
       0
       0
       0
       0
       0
       0
       1
       0
       0
       1
       0
       0
       1
       1
       0
       1
       0
       1
       0
       1
       0
       0
       0
       0
       0
       0
       2
       1
       0
       1
       1
       0
       0
       0
       0
       0
       0
       0
       0
       0
       1
       1
       0
       1
       0
       1
       0
       0
       0
       0
       0
       2
       1
       0
       0
       0
       0
       1
       0
       0
       0
       0
       0
       0
       0
       0
       0
       0
       0
       0
       0
       0
       0
       0
       0
       1
       1
       0
       1
       0
       1
       0
       0
       1
       0
       0
       0
       0
       0
       0
       0
       0
       0
       1
       0
       0
       0
       0
       0
       0
       0
       0
       0
       0
       0
       0
       0
       0
       0
       0
       0
       0
       0
       0
       0
       0
       0
       0
       1
       0
       0
       0
       1
       0
       0
       1
       0
       0
       0
       1
       1
       0
       0
       0
       1
       0
       0
       1
       2
       0
       1
       0
       0
       0
       1
       1
       0
       1
       0
       0
       1
       0
       0
       0
       0
       0
       0
       0
       0
       0
       0
       0
       0
       0
       1
       0
       0
       0
       0
       1
       0
       0
       1
       0
       1
       0
       0
       0
       0
       1
       0
       0
       0
       0
       0
       0
       0
       0
       0
       0
       1
       0
       0
       0
       0
       0
       0
       1
       0
       0
       0
       0
       0
       0
       0
       0
       0
       0
       1
       0
       0
       0
       0
       0
       0
       0
       0
       0
       0
       0
       0
       0
       0
       0
       1
       1
       0
       0
       0
       0
       2
       1
       0
       0
       0
       0
       1
       0
       0
       0
       2
       0
       0
       0
       0
       0
       1
       0
       0
       0
       0
       0
       0
       0
       0
       0
       0
       0
       0
       0
       0
       0
       0
       0
       0
       1
       0
       0
       0
       0
       0
       0
       0
       0
       0
       0
       0
       0
       0
       0
       0
       0
       0
       1
       0
       0
       0
       0
       0
       1
       0
       0
       0
       0
       0
       0
       0
       0
       0
       0
       0
       1
       0
       0
       0
       1
       1
       0
       0
       0
       0
       0
       0
       0
       0
       0
       0
       0
       0
       0
       0
       1
       1
       0
       0
       0
       0
       0
       0
       0
       0
       0
       0
       0
       0
       0
       0
       0
       0
       0
       0
       0
       0
       0
       0
       0
       0
       0
       1
       0
       0
       0
       0
       0
       0
       0
       1
       1
       1
       0
       0
       0
       0
       0
       2
       0
       0
       0
       1
       0
       0
       0
       0
       0
       0
       0
       0
       0
       0
       0
       0
       0
       0
       0
       0
       0
       0
       0
       1
       1
       0
       0
       0
       0
       0
       0
       0
       0
       0
       0
       0
       0
       0
       0
       0
       0
       2
       0
       1
       0
       0
       0
       0
       0
       0
       0
       0
       0
       1
       0
       0
       0
       1
       0
       0
       0
       0
       0
       1
       0
       0
       1
       1
       0
       0
       0
       0
       0
       1
       0
       0
       1
       1
       0
       0
       0
       1
       1
       0
       1
       0
       0
       0
       0
       0
       0
       1
       0
       0
       0
       0
       0
       0
       0
       0
       2
       0
       0
       0
       0
       0
       0
       0
       0
       0
       0
       0
       0
       0
       0
       0
       0
       0
       0
       0
       1
       0
       0
       0
       0
       1
       0
       0
       1
       0
       0
       0
       1
       0
       0
       0
       0
       0
       0
       0
       0
       0
       0
       0
       0
       0
       1
       0
       1
       0
       0
       0
       0
       1
       0
       0
       0
       0
       1
       0
       0
       0
       0
       0
       0
       0
       0
       0
       0
       0
       0
       1
       1
       0
       0
       0
       0
       0
       0
       1
       0
       1
       0
       0
       0
       1
       0
       0
       0
       0
       0
       0
       0
       0
       0
       0
       0
       0
       1
       0
       0
       1
       0
       0
       1
       0
       0
       0
       0
       0
       0
       1
       1
       0
       0
       0
       2
       0
       1
       0
       0
       0
       0
       0
       0
       0
       0
       1
       1
       0
       0
       0
       0
       0
       0
       0
       1
       0
       1
       0
       0
       0
       0
       0
       0
       0
       0
       0
       0
       0
       0
       0
       0
       0
       0
       0
       0
       0
       1
       1
       1
       0
       0
       0
       0
       0
       0
       0
       1
       0
       0
       0
       0
       1
       1
       0
       0
       0
       0
       0
       0
       0
       0
       0
       0
       0
       0
       0
       0
       0
       0
       0
       0
       0
       0
       0
       0
       1
       0
       1
       0
       0
       1
       0
       0
       0
       0
       1
       0
       0
       0
       0
       0
       1
       0
       0
       0
       0
       0
       1
       0
       0
       0
       0
       0
       1
       0
       0
       1
       0
       0
       0
       0
       0
       0
       0
       0
       1
       1
       1
       0
       0
       0
       2
       0
       0
       0
       0
       0
       0
       1
       0
       0
       0
       0
       1
       1
       0
       0
       0
       0
       0
       0
       0
       0
       0
       0
       0
       1
       0
       0
       0
       2
       0
       0
       0
       0
       0
       0
       0
       0
       0
       0
       0
       0
       0
       2
       0
       0
       0
       0
       0
       0
       1
       0
       1
       0
       0
       0
       1
       0
       0
       0
       0
       0
       0
       0
       0
       1
       1
       0
       0
       0
       0
       0
       0
       0
       0
       0
       0
       0
       0
       0
       0
       0
       0
       0
       0
       0
       1
       0
       0
       0
       0
       0
       1
       0
       2
       0
       0
       0
       0
       0
       1
       0
       0
       0
       0
       0
       0
       1
       0
       2
       0
       0
       0
       0
       0
       0
       0
       1
       1
       0
       0
       0
       0
       0
       0
       0
       0
       0
       0
       0
       0
       0
       0
       0
       0
       0
       0
       0
       0
       0
       0
       0
       0
       0
       1
       1
       0
       1
       0
       3
       1
       0
       0
       0
       0
       0
       0
       1
       0
       0
       1
       0
       0
       1
       0
       0
       1
       0
       0
       1
       1
       0
       0
       1
       0
       0
       0
       2
       0
       0
       0
       1
       2
       0
       0
       0
       1
       0
       0
       0
       1
       0
       0
       0
       0
       0
       0
       0
       0
       0
       0
       0
       0
       0
       0
       0
       1
       1
       0
       0
       0
       0
       1
       1
       0
       0
       0
       1
       0
       0
       0
       0
       0
       0
       0
       0
       0
       0
       0
       0
       0
       0
       0
       0
       0
       0
       0
       0
       0
       0
       1
       0
       0
       0
       0
       1
       0
       0
       0
       0
       0
       1
       0
       0
       0
       0
       0
       0
       0
       0
       1
       0
       0
       1
       0
       0
       0
       0
       0
       0
       0
       0
       0
       0
       0
       1
       0
       0
       0
       0
       0
       0
       0
       0
       1
       0
       0
       0
       0
       0
       0
       0
       0
       1
       1
       0
       0
       0
       1
       0
       0
       0
       0
       0
       0
       0
       1
       0
       0
       0
       0
       0
       0
       0
       0
       0
       0
       0
       0
       0
       0
       0
       0
       0
       1
       1
       0
       0
       1
       0
       0
       1
       0
       0
       0
       1
       0
       0
       0
       0
       0
       0
       0
       0
       0
       0
       0
       1
       0
       1
       0
       0
       1
       0
       0
       1
       0
       0
       0
       0
       1
       0
       0
       0
       0
       0
       1
       0
       2
       0
       0
       0
       0
       0
       0
       1
       1
       0
       0
       0
       0
       1
       0
       1
       0
       0
       0
       0
       0
       0
       0
       0
       0
       0
       0
       0
       1
       1
       0
       0
       0
       0
       0
       0
       0
       0
       0
       0
       0
       1
       0
       0
       0
       0
       0
       0
       0
       1
       0
       0
       0
       1
       1
       3
       0
       0
       0
       0
       0
       0
       0
       0
       0
       0
       0
       0
       0
       1
       0
       0
       0
       0
       0
       0
       0
       0
       0
       0
       0
       0
       0
       0
       0
       0
       0
       0
       0
       0
       0
       0
       0
       0
       0
       0
       1
       0
       0
       0
       0
       0
       0
       0
       0
       0
       0
       0
       0
       1
       1
       0
       1
       0
       0
       0
       0
       0
       0
       0
       0
       0
       0
       0
       1
       0
       0
       0
       1
       0
       0
       0
       0
       0
       1
       0
       0
       0
       0
       0
       0
       1
       0
       0
       0
       1
       0
       0
       1
       1
       0
       0
       0
       0
       0
       0
       0
       0
       0
       0
       0
       0
       0
       0
       0
       0
       0
       0
       0
       0
       0
       1
       2
       1
       0
       0
       0
       0
       0
       1
       0
       1
       0
       1
       0
       0
       0
       0
       1
       1
       0
       1
       0
       1
       0
       0
       0
       0
       0
       0
       0
       0
       0
       0
       0
       0
       0
       1
       0
       0
       0
       0
       0
       0
       0
       0
       1
       0
       0
       0
       1
       1
       0
       0
       0
       0
       1
       0
       0
       0
       0
       0
       0
       0
       0
       1
       0
       0
       0
       0
       1
       0
       0
       0
       0
       0
       0
       0
       0
       0
       1
       0
       0
       0
       0
       0
       0
       0
       0
       0
       0
       1
       0
       1
       0
       0
       0
       0
       0
       0
       0
       0
       0
       1
       0
       0
       0
       0
       0
       0
       1
       0
       0
       0
       0
       0
       0
       0
       1
       0
       0
       0
       1
       0
       0
       0
       1
       0
       0
       0
       0
       0
       0
       0
       0
       1
       1
       0
       0
       0
       0
       1
       0
       1
       1
       1
       0
       0
       0
       0
       0
       0
       0
       0
       0
       0
       1
       0
       0
       1
       1
       0
       0
       0
       0
       0
       0
       0
       0
       0
       0
       1
       1
       0
       0
       1
       0
       0
       0
       1
       0
       1
       0
       0
       0
       0
       0
       1
       0
       0
       0
       0
       0
       0
       0
       0
       1
       1
       0
       0
       0
       0
       0
       0
       2
       0
       0
       0
       0
       0
       0
       0
       0
       1
       0
       0
       1
       0
       0
       0
       0
       0
       0
       0
       0
       0
       0
       0
       0
       1
       0
       0
       0
       0
       0
       0
       0
       1
       1
       0
       1
       0
       0
       0
       0
       0
       1
       0
       0
       0
       0
       0
       0
       0
       0
       1
       2
       0
       0
       0
       0
       0
       1
       1
       0
       0
       0
       0
       0
       0
       0
       1
       0
       0
       0
       0
       1
       0
       0
       0
       0
       1
       0
       0
       0
       0
       1
       0
       0
       0
       1
       1
       0
       0
       1
       0
       0
       0
       1
       0
       0
       0
       0
       0
       0
       0
       0
       1
       2
       0
       0
       0
       0
       1
       0
       1
       0
       1
       0
       0
       0
       0
       0
       0
       1
       0
       0
       0
       0
       1
       0
       0
       0
       0
       0
       0
       0
       0
       0
       0
       0
       0
       0
       0
       0
       0
       1
       0
       0
       0
       0
       0
       0
       1
       0
       0
       0
       1
       0
       0
       0
       0
       0
       0
       0
       0
       1
       1
       0
       0
       0
       0
       0
       0
       0
       0
       0
       0
       0
       0
       0
       0
       0
       1
       0
       0
       0
       0
       0
       0
       0
       0
       0
       0
       2
       0
       0
       0
       0
       0
       0
       0
       0
       0
       0
       0
       1
       2
       1
       0
       0
       0
       0
       1
       0
       1
       0
       0
       0
       0
       0
       0
       1
       0
       2
       0
       0
       0
       0
       0
       0
       1
       0
       0
       0
       0
       0
       0
       0
       0
       0
       0
       0
       0
       0
       0
       1
       2
       0
       0
       1
       0
       0
       0
       0
       0
       0
       0
       0
       0
       0
       0
       0
       0
       0
       0
       0
       0
       0
       0
       0
       0
       0
       0
       0
       0
       0
       0
       0
       0
       0
       0
       0
       1
       1
       0
       0
       0
       0
       0
       0
       1
       0
       1
       0
       0
       1
       0
       0
       0
       0
       0
       0
       1
       0
       1
       0
       0
       0
       0
       0
       0
       1
       0
       0
       0
       0
       0
       0
       0
       0
       0
       0
       0
       1
       0
       0
       0
       0
       0
       0
       0
       0
       0
       0
       1
       0
       0
       0
       0
       0
       0
       1
       0
       0
       0
       0
       0
       0
       0
       0
       1
       0
       0
       0
       0
       0
       0
       0
       0
       0
       0
       0
       0
       0
       0
       0
       0
       0
       0
       0
       0
       0
       0
       0
       0
       0
       0
       0
       0
       0
       0
       1
       0
       0
       0
       0
       0
       0
       0
       0
       0
       0
       0
       0
       0
       0
       0
       0
       0
       0
       0
       0
       0
       0
       0
       0
       0
       0
       0
       0
       1
       0
       1
       0
       0
       0
       0
       0
       0
       0
       0
       0
       0
       0
       0
       1
       0
       0
       0
       0
       0
       0
       0
       1
       0
       0
       0
       0
       0
       0
       0
       0
       0
       0
       0
       0
       0
       0
       0
       0
       0
       0
       0
       1
       0
       0
       0
       0
       0
       0
       1
       0
       0
       0
       0
       1
       0
       0
       0
       0
       0
       0
       0
       0
       0
       0
       0
       0
       0
       0
       0
       0
       0
       0
       0
       0
       0
       0
       0
       1
       0
       0
       1
       0
       1
       0
       0
       0
       0
       0
       0
       0
       0
       0
       0
       0
       0
       0
       0
       0
       0
       0
       0
       0
       0
       0
       0
       0
       0
       0
       0
       0
       0
       0
       0
       0
       0
       0
       0
       0
       0
       0
       0
       0
       0
       0
       0
       0
       0
       0
       0
       0
       0
       0
       0
       0
       0
       0
       0
       0
       0
       0
       0
       0
       0
       0
       0
       0
       0
       0
       0
       0
       0
       0
       0
       0
       0
       0
       0
       0
       0
       0
       0
       0
       0
       0
       0
       0
       0
       0
       1
       0
       0
       0
       0
       0
       0
       0
       0
       0
       0
       0
       0
       0
       0
       0
       0
       0
       0
       0
       0
       0
       0
       0
       0
       0
       0
       0
       0
       0
       0
       0
       0
       0
       0
       0
       0
       0
       0
       0
       0
       0
       0
       0
       0
       0
       0
       1
       0
       0
       0
       0
       0
       0
       0
       0
       0
       1
       0
       0
       0
       0
       0
       0
       0
       0
       0
       0
       0
       0
       1
       0
       0
       0
       1
       0
       0
       0
       0
       0
       0
       1
       0
       0
       0
       0
       0
       0
       0
       0
       0
       0
       0
       0
       0
       0
       0
       0
       0
       0
       0
       0
       0
       0
       0
       0
       0
       0
       0
       0
       1
       0
       1
       0
       0
       2
       2
       2
       1
       0
       0
       0
       0
       0
       0
       2
       1
       0
       0
       2
       1
       0
       1
       0
       0
       1
       1
       1
       1
       1
       1
       0
       3
       1
       0
       3
       4
       0
       0
       2
       1
       1
       2
       3
       1
       1
       2
       0
       0
       0
       0
       0
       0
       0
       0
       0
       0
       0
       0
       0
       0
       0
       0
       0
       0
       0
       0
       0
       0
       0
       0
       0
       0
       0
       0
       0
       0
       0
       0
       0
       0
       0
       0
       0
       0
       0
       0
       0
       0
       0
       0
       1
       0
       0
       0
       0
       0
       0
       0
       0
       0
       0
       1
       0
       1
       0
       0
       0
       0
       0
       0
       0
       0
       0
       0
       0
       0
       0
       0
       0
       0
       0
       0
       0
       0
       0
       0
       0
       0
       0
       0
       0
       0
       0
       0
       0
       0
       0
       0
       0
       0
       0
       0
       0
       0
       0
       0
       0
       0
       0
       0
       0
       0
       0
       0
       0
       0
       0
       0
       0
       0
       0
       0
       0
       0
       0
       0
       0
       0
       0
       1
       0
       0
       0
       0
       0
       0
       0
       0
       0
       0
       0
       0
       0
       0
       0
       0
       0
       0
       0
       0
       0
       0
       0
       0
       0
       0
       0
       0
       0
       0
       0
       1
       0
       0
       0
       0
       0
       0
       0
       0
       0
       0
       0
       0
       0
       0
       0
       0
       0
       0
       0
       0
       0
       0
       0
       0
       0
       0
       0
       0
       0
       0
       0
       0
       1
       0
       0
       0
       0
       0
       0
       0
       0
       0
       0
       0
       0
       0
       0
       0
       0
       0
       0
       0
       0
       0
       0
       0
       0
       0
       0
       0
       0
       0
       0
       0
       0
       0
       0
       0
       0
       0
       0
       0
       0
       0
       0
       0
       0
       0
       0
       0
       0
       0
       0
       0
       0
       0
       0
       0
       0
       1
       0
       0
       0
       0
       0
       0
       0
       0
       0
       0
       0
       0
       0
       0
       0
       0
       0
       0
       0
       0
       0
       0
       0
       0
       0
       0
       0
       0
       0
       0
       0
       0
       0
       0
       0
       0
       0
       0
       0
       0
       0
       0
       0
       0
       0
       0
       0
       0
       0
       0
       0
       0
       0
       0
       0
       0
       0
       0
       0
       0
       0
       0
       0
       0
       0
       0
       0
       0
       0
       0
       0
       1
       0
       0
       0
       0
       0
       0
       0
       0
       0
       0
       0
       0
       0
       0
       0
       0
       0
       0
       0
       0
       0
       0
       0
       0
       0
       0
       0
       0
       0
       0
       0
       0
       0
       0
       0
       0
       0
       0
       0
       0
       0
       0
       0
       0
       1
       0
       0
       0
       0
       0
       0
       0
       0
       0
       0
       0
       0
       0
       0
       0
       0
       0
       0
       0
       0
       0
       0
       0
       0
       0
       0
       0
       0
       0
       0
       0
       0
       0
       0
       0
       0
       0
       0
       0
       0
       0
       0
       0
       0
       0
       0
       0
       0
       0
       0
       0
       0
       1
       0
       0
       0
       0
       0
       0
       0
       0
       0
       0
       0
       0
       0
       0
       0
       0
       0
       0
       0
       0
       0
       0
       0
       0
       0
       0
       0
       0
       0
       0
       0
       0
       0
       0
       0
       0
       0
       0
       0
       0
       0
       0
       0
       0
       0
       0
       0
       0
       0
       0
       0
       0
       0
       0
       0
       0
       0
       0
       0
       0
       0
       0
       0
       0
       0
       1
       0
       0
       0
       0
       0
       0
       0
       0
       0
       0
       0
       0
       0
       0
       0
       0
       0
       0
       0
       0
       0
       0
       0
       0
       0
       0
       0
       0
       0
       0
       0
       0
       0
       0
       0
       1
       0
       0
       0
       0
       0
       0
       0
       0
       0
       0
       0
       0
       0
       0
       0
       0
       0
       0
       0
       0
       0
       0
       0
       0
       0
       0
       0
       0
       0
       0
       0
       0
       0
       0
       0
       0
       0
       0
       0
       0
       0
       0
       0
       0
       0
       0
       0
       0
       0
       0
       0
       0
       0
       0
       0
       0
       0
       0
       0
       0
       0
       0
       0
       0
       0
       0
       0
       0
       0
       0
       0
       0
       0
       0
       0
       0
       0
       0
       0
       0
       0
       0
       0
       0
       0
       0
       0
       0
       0
       0
       0
       0
       0
       0
       0
       0
       0
       0
       0
       0
       0
       0
       0
       0
       0
       0
       0
       0
       0
       0
       0
       0
       0
       0
       0
       0
       0
       0
       0
       0
       0
       0
       0
       0
       0
       0
       0
       0
       0
       0
       0
       0
       0
       0
       0
       0
       0
       0
       0
       0
       0
       0
       0
       0
       0
       0
       0
       0
       0
       0
       0
       0
       0
       0
       0
       0
       0
       1
       0
       0
       0
       0
       0
       0
       0
       0
       0
       0
       1
       0
       0
       0
       0
       0
       0
       0
       1
       0
       0
       0
       0
       0
       0
       0
       0
       0
       0
       0
       0
       0
       0
       0
       0
       0
       0
       0
       0
       0
       0
       0
       0
       0
       0
       0
       0
       0
       0
       0
       0
       0
       0
       0
       0
       0
       0
       0
       0
       0
       0
       0
       0
       0
       0
       0
       0
       0
       0
       0
       0
       0
       0
       0
       0
       0
       0
       0
       0
       0
       0
       0
       0
       0
       0
       0
       0
       0
       0
       0
       0
       0
       0
       0
       0
       0
       0
       0
       0
       0
       0
       0
       0
       0
       0
       0
       0
       0
       0
       0
       0
       0
       0
       0
       0
       0
       0
       0
       0
       0
       0
       0
       0
       0
       0
       0
       0
       0
       0
       0
       0
       0
       0
       0
       0
       0
       0
       0
       0
       0
       0
       0
       0
       0
       0
       0
       0
       0
       0
       0
       0
       0
       0
       0
       0
       0
       0
       0
       0
       0
       0
       0
       0
       0
       0
       0
       0
       0
       0
       0
       0
       0
       0
       0
       0
       0
       0
       0
       0
       0
       0
       0
       0
       0
       0
       0
       0
       0
       0
       0
       0
       0
       0
       0
       0
       0
       0
       0
       0
       0
       0
       0
       0
       0
       0
       0
       0
       0
       0
       0
       0
       0
       0
       0
       0
       0
       0
       0
       0
       0
       0
       0
       0
       0
       0
       0
       0
       0
       0
       0
       0
       0
       0
       0
       0
       0
       0
       0
       0
       0
       0
       0
       0
       0
       0
       0
       0
       0
       0
       0
       0
       0
       0
       0
       0
       0
       0
       0
       1
       0
       0
       0
       0
       0
       0
       0
       0
       0
       0
       0
       0
       0
       0
       0
       0
       0
       0
       0
       0
       0
       0
       0
       0
       0
       0
       0
       0
       0
       0
       0
       0
       0
       0
       0
       0
       0
       0
       0
       0
       0
       0
       0
       0
       0
       0
       0
       0
       0
       0
       0
       0
       0
       0
       0
       0
       0
       0
       1
       0
       0
       0
       0
       0
       0
       0
       0
       0
       0
       0
       0
       0
       0
       0
       0
       0
       0
       0
       1
       0
       0
       0
       0
       0
       0
       0
       0
       0
       0
       0
       0
       0
       0
       0
       0
       0
       0
       0
       0
       0
       0
       0
       0
       0
       0
       0
       0
       0
       0
       0
       0
       0
       0
       0
       0
       0
       0
       0
       0
       0
       0
       0
       0
       0
       0
       0
       0
       0
       0
       0
       0
       0
       0
       0
       0
       0
       0
       0
       0
       0
       0
       0
       0
       0
       0
       0
       0
       0
       0
       0
       0
       0
       0
       0
       0
       0
       0
       0
       0
       0
       0
       0
       0
       0
       0
       0
       0
       0
       0
       0
       0
       0
       0
       0
       0
       0
       0
       0
       0
       0
       0
       0
       0
       0
       0
       0
       0
       0
       0
       0
       0
       0
       0
       1
       0
       0
       0
       0
       0
       0
       0
       0
       0
       0
       0
       0
       0
       0
       0
       0
       0
       0
       0
       0
       0
       0
       0
       0
       0
       0
       0
       0
       0
       0
       0
       0
       0
       0
       0
       0
       0
       0
       0
       0
       0
       0
       0
       0
       0
       0
       0
       0
       0
       0
       0
       0
       0
       0
       0
       0
       0
       0
       0
       0
       0
       0
       0
       0
       0
       0
       0
       0
       0
       0
       0
       0
       0
       0
       0
       0
       0
       0
       0
       0
       0
       0
       0
       0
       0
       0
       0
       0
       0
       0
       0
       0
       0
       0
       0
       0
       0
       0
       0
       0
       0
       0
       0
       0
       0
       0
       0
       0
       0
       0
       0
       0
       0
       0
       0
       0
       0
       0
       0
       0
       0
       0
       0
       0
       0
       0
       0
       0
       0
       0
       0
       0
       0
       0
       0
       0
       0
       0
       0
       0
       0
       0
       0
       0
       0
       0
       0
       0
       0
       0
       0
       0
       0
       0
       0
       0
       0
$ROI:
2
3033 3150
3477 3562
$PRESETS:
None
0
0
$ENER_FIT:
1.616251 0.378579
$MCA_CAL:
3
1.616251E+000 3.785793E-001 0.000000E+000 keV
$SHAPE_CAL:
3
1.021406E+001 5.547639E-004 0.000000E+000
