$SPEC_ID:
No sample description was entered.
$SPEC_REM:
DET# 1
DETDESC# DESKTOP-PNQJTCJ Easy-MCA-8k SN 09161357
AP# Maestro Version 7.01
$DATE_MEA:
09/27/2018 15:56:01
$MEAS_TIM:
980 1002
$DATA:
0 8191
       0
       0
       0
       0
       0
       0
       0
       0
       0
       0
       0
       0
       0
       0
       0
       2
      53
     482
    1890
    4822
    8447
   11110
   11549
   11334
   10604
   10067
   10169
   10598
   10948
   11070
   11316
   11730
   11500
   11511
   11048
   10615
   10674
   10507
   10149
   12059
   29755
   26398
   10322
    9285
    8938
    8445
    7971
    7494
    6863
    6169
    5886
    5573
    5363
    5046
    4087
    3626
    3424
    3203
    3065
    2952
    2883
    2828
    2828
    2722
    2726
    2609
    2593
    2438
    2417
    2394
    2292
    2212
    2276
    2110
    2162
    2235
    2227
    2309
    2176
    2124
    2101
    2098
    2203
    2092
    2075
    2111
    2037
    2053
    2035
    2039
    2024
    2015
    1986
    1994
    1979
    2064
    1997
    1988
    1969
    2007
    2020
    1988
    1947
    1906
    1943
    1913
    1884
    1845
    1856
    1889
    1829
    1873
    1922
    1849
    1797
    1893
    1805
    1809
    1792
    1832
    1837
    1820
    1788
    1781
    1761
    1812
    1790
    1709
    1736
    1671
    1742
    1727
    1726
    1817
    1692
    1705
    1715
    1795
    1636
    1790
    1824
    1710
    1656
    1726
    1752
    1721
    1732
    1700
    1745
    1729
    1751
    1697
    1753
    1754
    1754
    1611
    1741
    1695
    1774
    1700
    1727
    1762
    1725
    1736
    1761
    1765
    1839
    1780
    1904
    1715
    1723
    1809
    1902
    1809
    1827
    1824
    1802
    1880
    1869
    1908
    1913
    2021
    2033
    2092
    2177
    2330
    2548
    2736
    2907
    3135
    3319
    3562
    3764
    3876
    3880
    4026
    4016
    3850
    3700
    3445
    3136
    3005
    2720
    2461
    2247
    2271
    2032
    2140
    2096
    2011
    2116
    2050
    2080
    2177
    2200
    2281
    2424
    2364
    2494
    2544
    2682
    2725
    2990
    3188
    3287
    3462
    3578
    3819
    3925
    4171
    4268
    4461
    4485
    4670
    4394
    4498
    4640
    4851
    4946
    4914
    4897
    4916
    4560
    4242
    3676
    3280
    2982
    2561
    2341
    2201
    2152
    2048
    2054
    2033
    1978
    1998
    2043
    2024
    1949
    1992
    1962
    1942
    1970
    2044
    2066
    2217
    2329
    2491
    2543
    2776
    2869
    2964
    3007
    2959
    2990
    2814
    2772
    2538
    2414
    2341
    2298
    2201
    2220
    2134
    2108
    2050
    1858
    1802
    1776
    1745
    1870
    1691
    1742
    1728
    1698
    1700
    1663
    1778
    1768
    1674
    1661
    1685
    1673
    1637
    1693
    1606
    1624
    1662
    1690
    1594
    1666
    1617
    1621
    1641
    1708
    1583
    1697
    1668
    1698
    1756
    1730
    1658
    1678
    1684
    1707
    1626
    1774
    1663
    1772
    1757
    1767
    1772
    1888
    1888
    1880
    1990
    1843
    1900
    1848
    1867
    1841
    1780
    1707
    1743
    1744
    1714
    1692
    1786
    1690
    1705
    1744
    1728
    1771
    1806
    1709
    1759
    1742
    1736
    1695
    1778
    1749
    1709
    1817
    1807
    1790
    1737
    1774
    1727
    1704
    1760
    1745
    1782
    1749
    1693
    1731
    1785
    1803
    1767
    1761
    1858
    1802
    1801
    1732
    1756
    1784
    1784
    1642
    1761
    1809
    1764
    1792
    1760
    1722
    1778
    1733
    1850
    1846
    1880
    1822
    1822
    1857
    1878
    1823
    1786
    1833
    1790
    1851
    1758
    1775
    1719
    1733
    1704
    1712
    1802
    1770
    1832
    1742
    1725
    1732
    1746
    1739
    1729
    1713
    1744
    1719
    1806
    1749
    1708
    1683
    1760
    1687
    1793
    1790
    1748
    1737
    1743
    1699
    1700
    1719
    1692
    1710
    1762
    1739
    1764
    1719
    1732
    1725
    1752
    1717
    1725
    1756
    1783
    1759
    1694
    1715
    1747
    1810
    1794
    1722
    1834
    1741
    1798
    1775
    1672
    1696
    1725
    1763
    1741
    1668
    1645
    1750
    1728
    1695
    1712
    1668
    1729
    1734
    1779
    1620
    1711
    1704
    1684
    1625
    1630
    1691
    1638
    1641
    1697
    1618
    1660
    1645
    1684
    1668
    1656
    1618
    1638
    1657
    1670
    1700
    1651
    1685
    1610
    1616
    1641
    1683
    1672
    1678
    1623
    1588
    1634
    1623
    1573
    1585
    1630
    1572
    1556
    1533
    1609
    1634
    1655
    1563
    1634
    1536
    1577
    1608
    1565
    1535
    1540
    1562
    1569
    1478
    1551
    1625
    1520
    1556
    1576
    1488
    1515
    1621
    1609
    1650
    1714
    1815
    1882
    1797
    1905
    1978
    2022
    1853
    1893
    1790
    1704
    1704
    1530
    1563
    1450
    1368
    1371
    1475
    1471
    1399
    1441
    1394
    1422
    1457
    1380
    1458
    1455
    1367
    1332
    1395
    1329
    1407
    1381
    1404
    1302
    1331
    1340
    1353
    1286
    1307
    1411
    1241
    1302
    1268
    1289
    1333
    1312
    1291
    1249
    1287
    1182
    1289
    1251
    1277
    1295
    1312
    1293
    1198
    1281
    1309
    1230
    1311
    1226
    1280
    1303
    1251
    1323
    1350
    1348
    1334
    1397
    1553
    1667
    1889
    2234
    2473
    3054
    3706
    4314
    5035
    5875
    6256
    6914
    7167
    6978
    6413
    6012
    5187
    4263
    3643
    3017
    2625
    2322
    1927
    1670
    1596
    1466
    1392
    1333
    1289
    1301
    1225
    1122
    1154
    1161
    1080
    1061
    1120
    1098
    1084
    1088
    1038
    1107
    1104
    1055
    1139
    1069
    1129
    1147
    1091
    1100
    1074
    1056
    1060
    1058
    1041
     953
    1045
     998
     992
     970
     983
     998
    1041
     949
    1000
     987
     940
    1008
     998
     999
     986
     965
    1042
     889
    1040
    1041
     999
     906
     966
     989
     965
     989
     972
     988
     981
    1017
    1016
    1027
    1135
    1113
    1136
    1253
    1241
    1333
    1352
    1279
    1361
    1370
    1268
    1202
    1205
    1074
    1041
    1070
     988
    1003
     985
     977
     964
    1139
    1097
    1148
    1142
    1199
    1149
    1193
    1162
    1127
    1164
    1108
    1065
    1029
    1021
     915
     937
     910
     937
     881
     872
     905
     919
     902
     885
     814
     869
     869
     901
     929
     921
     900
     849
     903
     867
     910
     814
     866
     881
     867
     896
     863
     885
     846
     853
     808
     804
     876
     867
     864
     881
     874
     821
     788
     826
     866
     888
     878
     865
     936
     966
    1008
    1053
    1114
    1256
    1192
    1258
    1185
    1196
    1120
    1057
     981
     944
     938
     903
     811
     824
     786
     781
     822
     789
     847
     759
     800
     799
     759
     742
     759
     778
     825
     798
     825
     754
     702
     732
     705
     737
     697
     778
     745
     731
     776
     759
     721
     724
     750
     748
     735
     725
     778
     727
     743
     770
     753
     790
     760
     775
     797
     810
     769
     734
     750
     833
     797
     771
     771
     732
     775
     789
     856
     763
     800
     873
     846
     920
     945
     947
    1030
    1095
    1084
    1048
    1087
    1067
     972
     947
     871
     873
     871
     808
     829
     784
     821
     836
     795
     879
     808
     884
     864
     981
    1015
    1142
    1275
    1436
    1652
    1748
    1898
    2063
    2011
    1999
    1917
    1718
    1555
    1426
    1280
    1056
     871
     916
     846
     762
     767
     721
     745
     713
     715
     705
     649
     601
     640
     683
     681
     683
     645
     695
     640
     628
     665
     644
     607
     640
     645
     674
     610
     637
     608
     649
     636
     590
     660
     627
     639
     650
     590
     599
     623
     630
     601
     626
     637
     608
     606
     571
     619
     621
     580
     567
     620
     609
     629
     589
     631
     643
     569
     630
     590
     610
     584
     617
     628
     617
     611
     574
     576
     632
     558
     585
     554
     587
     597
     599
     623
     600
     551
     620
     614
     576
     592
     561
     609
     622
     626
     569
     609
     600
     597
     574
     587
     617
     580
     569
     578
     552
     586
     613
     602
     537
     584
     593
     579
     568
     542
     598
     545
     570
     538
     552
     585
     583
     604
     560
     566
     560
     553
     537
     592
     547
     566
     594
     596
     509
     536
     595
     530
     600
     571
     550
     553
     552
     554
     598
     564
     550
     532
     529
     496
     555
     561
     552
     525
     550
     560
     572
     557
     540
     541
     602
     544
     539
     553
     554
     551
     544
     504
     511
     552
     528
     520
     507
     549
     516
     539
     582
     509
     527
     538
     531
     584
     596
     551
     550
     555
     586
     622
     646
     674
     700
     689
     674
     665
     602
     564
     595
     566
     499
     467
     480
     469
     481
     485
     474
     439
     503
     468
     487
     474
     492
     513
     455
     457
     450
     448
     462
     441
     466
     498
     421
     467
     450
     485
     443
     436
     466
     460
     466
     443
     454
     451
     419
     440
     437
     438
     382
     402
     425
     447
     403
     425
     470
     428
     421
     418
     438
     399
     443
     404
     433
     456
     367
     385
     419
     424
     408
     416
     385
     431
     388
     385
     392
     387
     407
     433
     394
     417
     418
     416
     385
     420
     419
     438
     400
     423
     390
     398
     403
     394
     423
     409
     403
     425
     373
     384
     372
     380
     364
     381
     401
     375
     385
     394
     377
     402
     408
     435
     397
     430
     409
     366
     402
     426
     380
     437
     438
     410
     425
     432
     387
     380
     384
     396
     414
     363
     382
     413
     366
     401
     379
     417
     408
     474
     460
     496
     542
     575
     662
     706
     708
     761
     732
     794
     710
     709
     621
     583
     571
     512
     458
     428
     449
     391
     384
     402
     354
     430
     364
     368
     373
     374
     320
     371
     350
     384
     341
     391
     357
     358
     350
     374
     374
     363
     341
     345
     366
     370
     370
     352
     354
     363
     385
     350
     410
     360
     329
     381
     394
     354
     356
     338
     336
     334
     362
     320
     343
     337
     335
     352
     286
     350
     318
     366
     317
     318
     321
     340
     367
     332
     328
     336
     336
     334
     327
     365
     318
     325
     319
     362
     337
     314
     320
     344
     321
     339
     342
     317
     386
     308
     335
     323
     327
     313
     321
     325
     314
     328
     332
     347
     322
     295
     324
     339
     333
     313
     363
     374
     342
     333
     346
     375
     362
     365
     375
     429
     476
     438
     505
     558
     630
     694
     767
     867
    1000
    1094
    1181
    1242
    1277
    1200
    1165
    1070
     987
     801
     725
     655
     597
     566
     462
     450
     386
     396
     351
     360
     339
     326
     332
     332
     292
     359
     334
     317
     349
     333
     331
     317
     286
     306
     291
     325
     299
     311
     333
     309
     308
     275
     282
     334
     312
     297
     300
     299
     273
     327
     320
     298
     306
     267
     305
     290
     313
     327
     266
     278
     305
     273
     264
     308
     268
     278
     260
     286
     275
     270
     290
     289
     256
     294
     282
     324
     253
     300
     246
     292
     270
     255
     293
     230
     282
     281
     240
     285
     291
     292
     287
     283
     274
     284
     303
     296
     321
     278
     348
     319
     288
     289
     267
     298
     296
     299
     268
     301
     298
     266
     308
     282
     274
     288
     296
     267
     296
     285
     277
     275
     293
     244
     277
     263
     270
     315
     312
     258
     261
     306
     302
     277
     281
     273
     272
     297
     337
     324
     336
     342
     334
     349
     339
     335
     288
     317
     288
     304
     319
     299
     280
     256
     269
     283
     273
     275
     322
     289
     266
     308
     292
     274
     278
     327
     278
     311
     264
     324
     286
     282
     291
     315
     302
     289
     300
     317
     303
     316
     291
     329
     353
     388
     430
     468
     625
     639
     761
     913
    1046
    1302
    1493
    1668
    1916
    2111
    2303
    2441
    2386
    2253
    2074
    1845
    1546
    1241
    1078
     875
     694
     554
     477
     419
     387
     332
     314
     289
     319
     275
     295
     291
     301
     238
     263
     237
     274
     262
     271
     254
     239
     249
     270
     240
     248
     274
     262
     254
     241
     237
     257
     247
     217
     249
     244
     243
     219
     238
     239
     237
     253
     259
     263
     229
     202
     224
     249
     216
     225
     228
     227
     238
     260
     235
     243
     229
     234
     235
     238
     232
     252
     237
     205
     216
     249
     232
     231
     240
     202
     237
     214
     261
     229
     239
     193
     239
     233
     276
     248
     212
     250
     236
     248
     242
     237
     223
     211
     262
     241
     225
     261
     243
     248
     231
     224
     241
     224
     189
     223
     247
     237
     237
     208
     231
     217
     235
     216
     191
     218
     221
     227
     205
     252
     234
     236
     221
     256
     212
     240
     245
     233
     222
     233
     211
     214
     220
     251
     204
     211
     216
     209
     220
     201
     208
     219
     238
     239
     220
     224
     217
     213
     253
     199
     221
     217
     218
     190
     231
     238
     207
     208
     207
     229
     195
     224
     221
     237
     231
     234
     226
     225
     233
     223
     224
     224
     231
     228
     229
     248
     241
     216
     223
     209
     252
     221
     201
     212
     202
     234
     233
     204
     212
     226
     226
     202
     215
     212
     245
     213
     242
     224
     222
     228
     254
     222
     214
     194
     209
     207
     214
     195
     214
     201
     216
     202
     225
     203
     200
     222
     221
     202
     233
     192
     229
     218
     213
     212
     235
     213
     217
     214
     222
     212
     217
     213
     229
     214
     192
     205
     207
     222
     223
     211
     221
     221
     238
     219
     217
     224
     220
     234
     232
     206
     202
     221
     226
     201
     223
     196
     246
     232
     217
     213
     209
     199
     189
     205
     211
     226
     225
     179
     205
     201
     200
     222
     224
     239
     212
     224
     230
     205
     220
     244
     224
     219
     226
     195
     219
     190
     212
     241
     212
     224
     208
     196
     195
     228
     226
     217
     219
     225
     236
     203
     205
     219
     251
     218
     245
     235
     218
     232
     228
     218
     225
     219
     245
     215
     222
     235
     201
     197
     219
     218
     219
     228
     217
     215
     198
     261
     200
     213
     232
     197
     185
     237
     184
     202
     190
     193
     190
     199
     213
     210
     145
     179
     186
     199
     184
     195
     216
     188
     188
     163
     189
     204
     199
     170
     203
     188
     200
     177
     198
     206
     177
     193
     201
     219
     244
     235
     248
     265
     277
     307
     317
     326
     400
     417
     493
     532
     542
     564
     611
     591
     531
     534
     483
     458
     370
     355
     337
     277
     224
     217
     218
     184
     185
     186
     211
     205
     165
     186
     165
     202
     163
     185
     204
     199
     176
     172
     157
     177
     185
     162
     173
     154
     158
     197
     185
     161
     174
     188
     180
     157
     156
     163
     159
     161
     172
     144
     162
     174
     145
     171
     188
     157
     174
     166
     155
     174
     170
     174
     185
     154
     155
     175
     176
     173
     184
     169
     199
     196
     184
     196
     223
     221
     213
     222
     233
     209
     194
     209
     185
     181
     188
     184
     178
     170
     175
     172
     151
     190
     175
     167
     181
     192
     164
     188
     180
     192
     175
     182
     175
     168
     185
     141
     140
     166
     149
     145
     143
     167
     181
     180
     151
     160
     178
     178
     208
     199
     234
     216
     211
     217
     199
     203
     160
     179
     169
     156
     164
     154
     137
     146
     122
     150
     132
     127
     138
     123
     114
     128
     145
     129
     135
     148
     164
     177
     178
     180
     182
     197
     179
     197
     178
     159
     196
     171
     163
     161
     167
     165
     149
     142
     157
     144
     156
     103
     138
     119
     168
     182
     199
     227
     224
     244
     239
     273
     308
     300
     310
     331
     378
     328
     315
     308
     246
     230
     213
     152
     143
     138
     139
     122
      99
     110
     100
     121
     110
     134
     110
     102
     105
     120
      93
      95
      92
     110
     125
     108
     113
      84
     100
      94
     102
     101
      81
      97
     101
     101
     102
     109
      99
     110
      92
      92
     101
      81
     102
     100
     106
      87
      89
      88
      86
      84
      96
      99
     108
      95
     104
      94
      89
     117
      69
      88
      98
     100
      88
      93
      86
      76
      86
     101
      83
      92
     105
      92
     105
      89
     101
      95
      88
     107
      87
      94
      95
      90
     113
      92
     109
     127
     140
     116
     148
     132
     140
     114
     139
     126
     120
     123
     142
     136
     135
     151
     165
     142
     170
     162
     150
     181
     169
     188
     140
     153
     144
     140
     122
     137
     124
     118
     138
     129
     155
     113
     100
     100
      83
     102
      82
      98
      87
      70
      74
      87
      86
      82
      73
      67
      85
      78
      69
      62
      85
      88
      75
      76
      83
      72
      78
      87
      79
      71
      76
      94
      95
      74
     100
      90
     101
      96
     116
     107
     117
     139
     152
     170
     162
     188
     207
     243
     245
     274
     300
     290
     285
     225
     245
     213
     182
     163
     142
     124
     102
      99
      81
      97
      86
      71
      84
      61
      75
      86
      72
      64
      68
      73
      68
      80
      68
      68
      75
      73
      55
      68
      81
      62
      58
      71
      64
      70
      75
      74
      62
      59
      68
      61
      67
      72
      73
      66
      78
      68
      58
      56
      66
      71
      86
      62
      71
      66
      66
      61
      56
      59
      63
      77
      76
      75
      45
      52
      71
      70
      71
      52
      65
      62
      81
      76
      66
      73
      61
      81
      71
      70
      61
      83
      88
      83
      97
      89
      93
      69
      85
      90
      78
      66
      72
      67
      64
      67
      68
      57
      83
      77
      58
      59
      77
      81
      92
      79
     109
     109
      98
     101
     122
     118
     138
     145
     144
     143
     186
     201
     196
     222
     258
     310
     377
     477
     533
     633
     723
     895
     943
    1136
    1212
    1318
    1240
    1315
    1251
    1080
    1018
     799
     707
     536
     422
     353
     279
     195
     172
     138
     127
      98
     108
     102
      88
      93
      80
      71
      67
      79
      74
      60
      75
      58
      58
      64
      53
      45
      58
      46
      61
      51
      58
      56
      53
      46
      68
      48
      51
      55
      63
      48
      44
      56
      48
      64
      65
      52
      57
      55
      45
      44
      60
      52
      46
      51
      51
      47
      51
      52
      44
      57
      51
      53
      46
      48
      46
      45
      46
      39
      50
      61
      46
      44
      52
      67
      55
      55
      68
      54
      56
      49
      60
      62
      55
      61
      69
      47
      70
      61
      73
      59
      64
      41
      53
      57
      51
      59
      62
      55
      46
      43
      65
      66
      57
      63
      45
      62
      65
      66
      67
      53
      52
      59
      63
      72
      81
      79
      90
      74
      90
      93
      85
      87
      82
     131
     117
     114
     145
     145
     195
     198
     250
     255
     337
     305
     398
     406
     430
     444
     496
     533
     552
     596
     696
     695
     725
     751
     792
     748
     773
     692
     642
     512
     510
     359
     320
     240
     197
     130
     134
     122
      99
      63
      63
      71
      67
      67
      46
      86
      64
      49
      59
      38
      41
      48
      40
      49
      45
      46
      41
      52
      44
      46
      57
      51
      44
      40
      44
      45
      40
      51
      51
      39
      50
      43
      63
      39
      33
      32
      42
      48
      62
      36
      43
      50
      32
      38
      33
      30
      44
      45
      43
      31
      35
      37
      38
      37
      34
      43
      38
      36
      36
      39
      42
      45
      44
      31
      38
      36
      42
      39
      48
      40
      34
      42
      29
      39
      36
      34
      39
      25
      42
      43
      49
      34
      29
      33
      28
      38
      37
      37
      41
      54
      41
      45
      24
      44
      36
      49
      43
      34
      45
      41
      58
      51
      29
      32
      38
      41
      36
      32
      45
      38
      44
      37
      36
      45
      41
      43
      45
      44
      37
      32
      42
      45
      37
      48
      34
      39
      41
      51
      31
      47
      36
      32
      43
      32
      34
      48
      39
      45
      35
      37
      21
      27
      24
      44
      37
      38
      38
      47
      42
      45
      32
      47
      48
      47
      58
      46
      46
      41
      33
      40
      44
      41
      42
      40
      21
      45
      42
      36
      47
      28
      38
      27
      34
      50
      37
      44
      55
      38
      38
      30
      39
      42
      34
      39
      43
      37
      31
      33
      43
      31
      30
      42
      30
      25
      41
      37
      22
      42
      35
      33
      40
      23
      36
      43
      41
      33
      33
      35
      31
      37
      44
      41
      43
      41
      38
      45
      36
      33
      34
      42
      35
      33
      52
      19
      43
      27
      34
      37
      39
      31
      42
      34
      31
      32
      53
      39
      41
      56
      40
      38
      50
      49
      50
      34
      31
      38
      37
      41
      42
      34
      36
      36
      55
      29
      37
      44
      39
      29
      28
      40
      39
      31
      33
      40
      36
      50
      45
      49
      58
      48
      51
      64
      54
      58
      66
      37
      47
      59
      53
      61
      54
      49
      54
      44
      38
      40
      33
      36
      34
      41
      28
      34
      29
      36
      27
      28
      32
      32
      35
      36
      33
      32
      46
      42
      35
      25
      39
      41
      34
      48
      43
      57
      31
      43
      35
      54
      33
      47
      39
      37
      52
      39
      48
      40
      43
      36
      48
      35
      39
      35
      39
      32
      35
      44
      44
      25
      38
      34
      43
      43
      31
      28
      33
      31
      30
      38
      29
      38
      42
      45
      40
      48
      40
      53
      35
      28
      56
      60
      42
      40
      45
      32
      42
      45
      44
      44
      48
      38
      39
      36
      51
      34
      34
      36
      41
      34
      45
      41
      46
      31
      41
      35
      35
      44
      40
      27
      39
      44
      37
      36
      39
      30
      33
      40
      31
      19
      39
      32
      34
      37
      29
      40
      30
      27
      36
      47
      43
      30
      25
      37
      40
      36
      21
      33
      31
      36
      28
      34
      34
      37
      39
      25
      28
      27
      40
      38
      33
      38
      32
      33
      31
      38
      43
      31
      36
      27
      42
      28
      28
      35
      27
      40
      37
      31
      45
      27
      36
      40
      34
      38
      25
      34
      33
      31
      37
      44
      37
      40
      40
      30
      49
      33
      25
      34
      34
      33
      31
      22
      33
      28
      38
      45
      31
      30
      27
      23
      36
      45
      32
      38
      31
      34
      40
      29
      33
      28
      42
      43
      34
      36
      25
      33
      31
      31
      37
      39
      41
      33
      41
      34
      34
      28
      38
      40
      25
      46
      33
      42
      30
      30
      32
      34
      40
      32
      35
      34
      29
      38
      33
      28
      30
      30
      34
      39
      46
      33
      34
      40
      28
      35
      29
      43
      34
      29
      32
      30
      27
      29
      24
      40
      27
      32
      40
      24
      32
      36
      40
      35
      26
      37
      34
      41
      29
      27
      30
      49
      37
      31
      38
      30
      40
      34
      30
      38
      43
      27
      41
      38
      28
      31
      46
      31
      36
      41
      38
      45
      25
      27
      24
      34
      35
      32
      33
      26
      36
      31
      36
      40
      22
      30
      35
      26
      37
      37
      36
      42
      29
      18
      28
      30
      34
      33
      39
      32
      29
      29
      33
      31
      32
      34
      25
      37
      36
      25
      29
      35
      32
      33
      21
      37
      26
      30
      37
      23
      30
      29
      29
      36
      30
      33
      30
      33
      26
      39
      31
      26
      30
      35
      35
      34
      36
      34
      26
      31
      31
      38
      41
      33
      43
      34
      31
      44
      35
      24
      28
      31
      32
      37
      37
      27
      20
      36
      39
      22
      33
      47
      41
      28
      32
      27
      35
      24
      24
      35
      35
      36
      32
      25
      29
      27
      26
      45
      38
      46
      44
      43
      44
      26
      32
      36
      32
      31
      40
      30
      42
      39
      38
      45
      26
      31
      45
      30
      27
      36
      39
      29
      45
      27
      42
      47
      41
      45
      47
      44
      46
      48
      46
      50
      50
      51
      39
      48
      54
      47
      38
      43
      34
      32
      45
      38
      35
      39
      43
      42
      32
      38
      34
      30
      40
      50
      40
      39
      43
      28
      27
      34
      32
      36
      40
      17
      39
      39
      33
      29
      36
      31
      41
      33
      43
      30
      36
      24
      37
      41
      39
      31
      36
      27
      30
      25
      28
      41
      32
      36
      34
      33
      34
      33
      28
      36
      38
      28
      32
      35
      33
      34
      29
      41
      31
      24
      42
      31
      30
      41
      33
      41
      37
      35
      34
      36
      44
      35
      31
      43
      37
      26
      33
      32
      35
      43
      34
      42
      30
      28
      35
      29
      35
      36
      33
      34
      41
      39
      32
      49
      39
      45
      36
      33
      34
      39
      40
      48
      32
      31
      39
      35
      33
      36
      30
      31
      25
      21
      41
      40
      37
      30
      25
      27
      35
      31
      44
      27
      33
      46
      41
      33
      40
      31
      28
      24
      35
      42
      31
      35
      36
      27
      34
      35
      29
      24
      26
      26
      28
      38
      43
      24
      31
      26
      37
      32
      35
      33
      37
      40
      29
      31
      34
      36
      34
      29
      32
      38
      27
      31
      29
      30
      39
      21
      38
      35
      29
      37
      32
      31
      33
      38
      27
      38
      26
      25
      34
      36
      34
      32
      28
      27
      25
      25
      18
      33
      37
      27
      30
      21
      26
      26
      32
      29
      28
      40
      35
      37
      26
      50
      27
      36
      38
      32
      29
      36
      35
      30
      31
      23
      40
      37
      27
      26
      37
      31
      35
      32
      28
      36
      38
      34
      35
      30
      37
      26
      34
      33
      29
      35
      36
      24
      29
      33
      27
      39
      33
      35
      34
      35
      40
      32
      37
      26
      31
      28
      45
      31
      26
      28
      26
      33
      29
      32
      28
      35
      35
      22
      37
      35
      36
      25
      29
      32
      29
      23
      35
      29
      27
      32
      34
      24
      38
      40
      34
      39
      37
      38
      27
      33
      28
      37
      32
      25
      39
      34
      26
      40
      38
      27
      31
      32
      28
      28
      31
      38
      37
      34
      34
      30
      28
      28
      26
      36
      39
      24
      32
      32
      36
      29
      29
      17
      27
      27
      30
      33
      18
      34
      30
      34
      37
      27
      36
      33
      29
      27
      35
      31
      26
      30
      28
      29
      26
      27
      40
      29
      36
      26
      29
      31
      19
      25
      33
      27
      33
      32
      26
      25
      26
      23
      29
      26
      29
      39
      38
      45
      31
      32
      34
      44
      19
      31
      39
      29
      29
      38
      28
      25
      28
      29
      33
      33
      33
      26
      24
      36
      29
      34
      32
      39
      33
      31
      30
      24
      25
      31
      34
      21
      22
      30
      32
      28
      31
      15
      30
      34
      26
      26
      30
      36
      34
      28
      27
      23
      33
      25
      37
      27
      30
      25
      33
      23
      25
      30
      38
      20
      28
      29
      30
      26
      26
      22
      27
      21
      21
      31
      19
      26
      18
      30
      22
      22
      30
      36
      31
      28
      29
      33
      26
      25
      21
      24
      26
      26
      30
      29
      22
      13
      24
      22
      25
      24
      33
      25
      17
      30
      35
      27
      32
      30
      22
      34
      30
      39
      38
      29
      24
      25
      31
      27
      32
      23
      29
      21
      26
      28
      27
      26
      33
      22
      27
      26
      28
      31
      34
      28
      27
      29
      25
      32
      31
      27
      20
      21
      24
      30
      23
      34
      27
      28
      19
      23
      28
      20
      24
      16
      31
      25
      26
      28
      18
      30
      30
      20
      20
      29
      24
      41
      28
      22
      18
      25
      23
      27
      31
      23
      32
      18
      15
      31
      32
      27
      26
      29
      32
      43
      39
      32
      41
      31
      40
      49
      57
      45
      46
      43
      42
      45
      39
      39
      41
      41
      38
      41
      24
      38
      32
      31
      26
      16
      25
      28
      16
      31
      21
      29
      21
      20
      26
      22
      12
      26
      21
      26
      14
      33
      28
      17
      23
      37
      25
      28
      27
      33
      22
      25
      20
      22
      27
      13
      21
      24
      22
      20
      15
      17
      22
      19
      21
      22
      19
      27
      25
      20
      17
      28
      22
      28
      21
      27
      15
      21
      22
      18
      13
      28
      18
      26
      24
      23
      23
      23
      20
      22
      32
      18
      20
      10
      29
      30
      26
      25
      37
      32
      30
      37
      39
      37
      40
      46
      45
      56
      46
      36
      45
      44
      51
      32
      43
      44
      30
      21
      30
      33
      38
      34
      49
      38
      32
      20
      34
      28
      25
      26
      23
      23
      33
      24
      30
      30
      19
      32
      18
      27
      27
      20
      20
      24
      27
      29
      22
      23
      26
      37
      26
      35
      21
      29
      23
      24
      27
      27
      21
      22
      22
      15
      15
      21
      20
      14
      23
      25
      23
      16
      20
      17
      16
      24
      21
      16
      19
      15
      27
      20
      23
      25
      25
      11
      12
      18
      29
      14
      16
      23
      26
      15
      20
      16
      24
      17
      22
      23
      26
      17
      19
      23
      17
      19
      13
      15
      20
      16
      20
      15
      20
      20
      19
      16
      20
      18
      26
      16
      22
      22
      17
      25
      20
      20
      14
      23
      18
      15
      18
      11
      17
      20
      19
      18
      19
      22
      14
      26
      23
      15
      21
      15
      18
      19
      22
      25
      17
       7
      16
      22
      30
      22
      16
      19
      14
      22
      11
      13
      22
      20
      21
      14
      18
      16
      18
      28
      24
      24
      24
      24
      24
      21
      16
      21
      28
      19
      18
      25
      15
      18
      16
      15
      26
      27
      22
      19
      13
      15
      22
      18
      15
      11
      21
      18
      14
      14
      17
      16
      20
      20
      15
      18
      18
      18
      21
      11
      14
      21
      22
      20
      29
      22
      11
      16
      29
      29
      23
      25
      22
      39
      24
      31
      25
      28
      26
      27
      31
      36
      44
      33
      35
      51
      42
      42
      40
      44
      36
      39
      48
      46
      52
      52
      61
      62
      79
      70
      75
      93
     106
     121
      98
     120
     114
     121
     137
     112
     132
     121
     107
     109
     119
     128
     104
      99
     100
      93
     101
      80
      93
      86
      58
      54
      62
      46
      38
      31
      37
      29
      32
      33
      26
      19
      32
      22
      24
      24
      20
      22
      16
      20
      24
      20
      24
      28
      25
      20
      19
      20
      16
      19
      20
      25
      23
      30
      22
      24
      27
      25
      19
      21
      21
      27
      29
      22
      20
      24
      30
      22
      26
      19
      24
      35
      31
      24
      32
      33
      32
      41
      32
      42
      37
      51
      45
      42
      49
      62
      54
      70
      48
      61
      57
      40
      57
      47
      52
      33
      32
      52
      54
      41
      44
      31
      35
      30
      39
      51
      47
      46
      52
      47
      56
      49
      73
      54
      61
      67
      63
      51
      59
      63
      33
      38
      39
      36
      39
      34
      27
      28
      23
      37
      37
      30
      24
      53
      31
      30
      29
      30
      24
      26
      19
      20
      27
      23
      27
      27
      17
      25
      17
      21
      15
      21
      22
      19
      14
      25
      18
      20
      18
      24
      17
      21
      22
      18
      21
      15
      22
      16
      19
      23
      22
      16
      18
      18
      22
      16
      25
      18
      21
      20
      17
      16
      15
      19
      17
      22
      22
      18
      17
      28
      30
      21
      13
      21
      22
      21
      22
      23
      21
      34
      24
      25
      23
      36
      34
      28
      39
      27
      23
      12
      35
      26
      16
      26
      27
      21
      20
      13
      24
      29
      14
      25
      26
      19
      23
      21
      13
      23
      20
      22
      20
      15
      24
      20
      26
      31
      20
      20
      28
      19
      20
      23
      24
      22
      14
      13
      22
      13
      14
      21
      26
      28
      19
      15
      13
      22
      14
      27
      25
      19
      21
      27
      15
      18
      17
      22
      20
      24
      17
      17
      24
      17
      21
      20
      20
      23
      22
      26
      25
      15
      24
      12
      21
      15
      14
      20
      20
      25
      18
      21
      25
      12
      19
      28
      19
      25
      17
      14
      14
      19
      21
      29
      18
      15
      17
      22
      26
      17
      22
      18
      20
      15
      21
      16
      16
      14
      15
      20
      20
      16
      35
      18
      12
      21
      19
      16
      22
      21
      11
      17
      18
      22
      13
      19
      21
      22
      19
      20
      21
      27
      12
      16
      17
      17
      20
      16
      11
      12
      22
      21
      22
      18
      30
      21
      14
      23
      23
      18
      16
      21
      28
      16
      17
      13
      15
      17
      18
      14
      19
      25
      24
      28
      22
      18
      27
      20
      18
      16
      18
      19
      20
      24
      18
      25
      23
      22
      20
      17
      18
      19
      22
      16
      15
      28
      16
      13
      25
      21
      23
      19
      20
      22
      16
      15
      24
      20
      20
      26
      22
      24
      22
      20
      22
      24
      26
      15
      21
      25
      19
      27
      18
      14
      15
      21
      19
      19
      19
      22
      25
      16
      17
      17
      28
      29
      18
      19
      20
      21
      19
      19
      18
      18
      32
      26
      28
      20
      13
      20
      11
      25
      21
      24
      20
      19
      16
      27
      25
      27
      20
      33
      23
      17
      19
      19
      25
      26
      27
      17
      18
      22
      22
      24
      15
      18
      18
      18
      25
      20
      26
      23
      24
      23
      27
      22
      25
      20
      21
      18
      28
      19
      21
      26
      25
      19
      15
      18
      25
      14
      22
      17
      19
      21
      24
      14
      16
      13
      21
      19
      19
      22
      30
      15
      18
      19
      18
      21
      23
      26
      12
      24
      20
      19
      21
      18
      20
      25
      25
      24
      12
      27
      16
      26
      18
      19
      18
      16
      15
      18
      22
      19
      22
      22
      18
      13
      18
      21
      20
      18
      20
      31
      29
      24
      11
      22
      19
      24
      23
      22
      26
      17
      23
      16
      29
      16
      15
      17
      17
      20
      23
      24
      27
      21
      23
      18
      16
      29
      16
      17
      25
      21
      13
      21
      16
      20
      17
      24
      24
      21
      24
      22
      14
      17
      25
      23
      11
      18
      27
      16
      17
      34
      18
      21
      16
      20
      21
      25
      24
      19
      25
      23
      19
      20
      18
      16
      17
      23
      13
      31
      28
      20
      25
      20
      23
      15
      17
      27
      28
      19
      27
      31
      21
      16
      13
      23
      19
      18
      20
      14
      16
      20
      18
      30
      24
      17
      21
      16
      16
      24
      11
      29
      23
      18
      18
      19
      18
      20
      23
      22
      29
      23
      20
      23
      19
      20
      20
      25
      20
      17
      26
      23
      25
      17
      23
      18
      22
      24
      25
      20
      17
      21
      23
      18
      21
      26
      25
      19
      26
      20
      22
      25
      20
      16
      22
      19
      24
      20
      24
      27
      30
      18
      16
      19
      22
      19
      18
      19
      17
      17
      17
      24
      23
      23
      19
      22
      28
      22
      21
      24
      21
      20
      13
      24
      22
      16
      29
      19
      20
      17
      25
      13
      21
      17
      16
      21
      21
      20
      27
      23
      23
      26
      19
      14
      22
      16
      14
      16
      21
      22
      19
      16
      20
      17
      25
      15
      18
      19
      17
      15
      21
      17
      25
      22
      22
      23
      20
      16
      20
      23
      25
      22
      27
      26
      16
      19
      22
      21
      20
      23
      30
      19
      22
      16
      18
      17
      25
      25
      14
      23
      20
      26
      19
      30
      21
      25
      22
      26
      23
      18
      12
      17
      18
      19
      20
      27
      20
      27
      26
      23
      15
      26
      28
      26
      22
      22
      14
      18
      22
      24
      25
      15
      19
      24
      25
      26
      24
      21
      26
      21
      34
      17
      25
      23
      29
      24
      23
      32
      23
      16
      15
      15
      24
      14
      22
      19
      18
      31
      13
      24
      23
      27
      12
      20
      22
      23
      14
      28
      25
      26
      22
      21
      26
      22
      31
      22
      27
      27
      15
      16
      23
      30
      20
      21
      22
      12
      22
      15
      23
      27
      26
      26
      28
      19
      19
      14
      24
      14
      22
      22
      23
      22
      26
      21
      26
      33
      25
      22
      27
      17
      18
      25
      30
      19
      20
      15
      15
      28
      15
      19
      24
      26
      18
      27
      25
      34
      22
      21
      22
      31
      13
      17
      22
      21
      20
      26
      21
      26
      18
      28
      19
      20
      19
      20
      31
      22
      22
      21
      22
      18
      25
      24
      13
      21
      22
      16
      25
      22
      19
      29
      28
      15
      23
      18
      22
      25
      16
      23
      19
      23
      15
      18
      12
      13
      33
      19
      21
      26
      11
      24
      13
      19
      22
      16
      23
      22
      19
      19
      15
      19
      17
      19
      17
      22
      19
      24
      18
      30
      19
      20
      20
      20
      28
      21
      25
      19
      29
      21
      20
      31
      31
      26
      23
      28
      22
      23
      17
      19
      16
      12
      25
      22
      21
      25
      20
      24
      24
      22
      20
      18
      26
      10
      29
      18
      21
      15
      28
      16
      25
      15
      19
      22
      22
       9
      20
      23
      20
      20
      20
      28
      23
      19
      19
      21
      26
      17
      15
      17
      26
      20
      18
      19
      23
      24
      16
      22
      19
      22
      24
      20
      25
      16
      18
      22
      23
      12
      22
      19
      15
      16
      21
      21
      20
      21
      24
      21
      18
      15
      21
      21
      18
      24
      20
      20
      18
      21
      14
      20
      18
      19
      23
      19
      19
      14
      19
      20
      16
      24
      16
      23
      22
      21
      23
      19
      25
      13
      17
      20
      21
      22
      28
      19
      22
      25
      24
      18
      22
      25
      23
      25
      28
      13
      22
      24
      18
      17
      14
      14
      19
      27
      18
      18
      13
      14
      26
      25
      20
      23
      22
      26
      21
      23
      26
      22
      15
      21
      17
      16
      22
      28
      21
      23
      25
      25
      24
      23
      17
      21
      18
      18
      25
      30
      19
      27
      21
      29
      18
      21
      24
      13
      23
      24
      20
      17
      19
      20
      18
      20
      17
      21
      14
      21
      17
      19
      22
      15
      20
      32
      16
      25
      25
      15
      22
      21
      15
      21
      12
      25
      21
      19
      16
      18
      17
      19
      28
      25
      28
      20
      24
      28
      26
      32
      28
      27
      22
      21
      27
      31
      21
      18
      22
      24
      21
      28
      18
      26
      13
      13
      22
      15
      20
      17
      24
      15
      15
      21
      26
      27
      14
      21
      25
      20
      21
      15
      16
      17
      20
      17
      17
      21
      21
      26
      23
      19
      22
      25
      21
      23
      21
      24
      18
      30
      21
      25
      21
      18
      23
      16
      30
      23
      24
      24
      20
      15
      28
      32
      23
      25
      26
      25
      21
      27
      17
      24
      19
      22
      27
      20
      18
      37
      27
      20
      31
      21
      16
      18
      26
      28
      19
      24
      15
      28
      28
      24
      18
      19
      24
      20
      19
      25
      14
      32
      19
      16
      25
      23
      22
      27
      27
      22
      20
      17
      21
      21
      29
      28
      20
      20
      26
      29
      19
      30
      29
      20
      25
      20
      28
      28
      39
      35
      33
      33
      28
      30
      38
      44
      37
      33
      40
      47
      45
      31
      53
      56
      38
      52
      60
      78
      64
      80
      62
      73
      81
      76
      66
      78
      86
      86
      83
      73
      70
      72
      53
      52
      58
      32
      45
      47
      30
      30
      32
      26
      42
      31
      22
      31
      29
      24
      22
      28
      25
      23
      27
      20
      24
      30
      21
      31
      18
      29
      24
      25
      22
      23
      27
      26
      28
      21
      21
      26
      15
      28
      18
      18
      25
      32
      20
      27
      26
      28
      28
      28
      26
      26
      23
      25
      25
      21
      22
      24
      25
      16
      26
      27
      22
      19
      26
      27
      17
      19
      24
      25
      17
      16
      28
      27
      22
      23
      25
      25
      22
      26
      29
      32
      18
      24
      22
      29
      27
      27
      36
      24
      30
      23
      29
      21
      26
      36
      35
      26
      26
      20
      19
      31
      29
      24
      24
      21
      29
      17
      20
      29
      27
      27
      23
      14
      23
      31
      25
      20
      28
      21
      23
      29
      22
      20
      26
      31
      23
      19
      31
      32
      15
      28
      26
      32
      25
      24
      27
      26
      14
      22
      28
      21
      17
      28
      19
      28
      25
      19
      28
      24
      15
      28
      31
      13
      23
      27
      30
      26
      19
      21
      21
      32
      27
      23
      26
      26
      18
      24
      21
      20
       7
      19
      26
      15
      13
      16
      20
      20
      16
      30
      32
      21
      13
      22
      28
      33
      30
      29
      23
      31
      29
      27
      30
      22
      27
      13
      22
      28
      24
      25
      25
      21
      26
      24
      26
      33
      29
      17
      18
      33
      26
      20
      17
      25
      20
      27
      30
      27
      20
      27
      30
      35
      31
      30
      28
      18
      24
      22
      22
      26
      31
      26
      26
      30
      23
      23
      20
      27
      25
      32
      28
      20
      27
      26
      32
      26
      28
      25
      19
      27
      25
      16
      21
      30
      23
      26
      30
      26
      22
      30
      23
      17
      28
      32
      32
      31
      28
      23
      25
      27
      37
      24
      20
      28
      30
      34
      35
      21
      32
      24
      26
      22
      25
      31
      31
      24
      18
      32
      28
      19
      26
      19
      27
      19
      22
      28
      27
      26
      23
      28
      24
      36
      29
      27
      28
      27
      26
      26
      29
      33
      20
      30
      15
      24
      33
      23
      26
      20
      20
      25
      28
      29
      29
      18
      29
      32
      28
      39
      20
      25
      42
      29
      28
      19
      25
      28
      32
      26
      31
      28
      37
      30
      25
      18
      23
      23
      27
      27
      32
      32
      26
      21
      30
      26
      36
      26
      25
      28
      30
      32
      27
      20
      27
      31
      29
      28
      25
      32
      32
      26
      22
      25
      30
      31
      28
      20
      34
      31
      24
      30
      33
      29
      21
      29
      27
      27
      31
      21
      30
      22
      34
      31
      35
      27
      19
      24
      24
      36
      23
      31
      33
      31
      33
      34
      37
      23
      24
      38
      23
      31
      32
      24
      29
      39
      34
      38
      28
      39
      42
      34
      34
      36
      30
      33
      30
      21
      33
      27
      30
      22
      22
      27
      27
      29
      32
      25
      37
      32
      32
      30
      29
      30
      30
      33
      25
      31
      31
      30
      33
      32
      30
      25
      31
      37
      19
      28
      35
      34
      25
      30
      33
      21
      34
      34
      28
      33
      35
      21
      20
      21
      31
      35
      17
      29
      40
      27
      31
      30
      39
      31
      36
      29
      35
      38
      33
      36
      33
      38
      29
      32
      35
      43
      39
      39
      33
      32
      34
      39
      29
      31
      26
      28
      38
      32
      30
      30
      43
      37
      37
      41
      35
      29
      39
      32
      37
      32
      28
      28
      28
      30
      35
      25
      33
      30
      22
      33
      39
      32
      19
      31
      29
      32
      34
      45
      35
      47
      48
      31
      36
      32
      40
      28
      30
      37
      29
      33
      45
      25
      36
      30
      47
      32
      25
      35
      37
      35
      42
      23
      38
      25
      35
      40
      36
      27
      30
      23
      41
      30
      28
      34
      24
      40
      31
      43
      35
      40
      44
      41
      39
      33
      38
      34
      35
      32
      37
      36
      32
      32
      33
      25
      39
      40
      38
      44
      36
      44
      36
      49
      33
      41
      40
      25
      32
      45
      42
      43
      28
      36
      32
      45
      30
      31
      35
      29
      27
      34
      32
      37
      35
      34
      39
      35
      31
      47
      44
      48
      33
      33
      39
      34
      34
      31
      38
      23
      38
      36
      40
      23
      39
      46
      48
      27
      32
      61
      37
      42
      37
      44
      41
      42
      37
      41
      30
      37
      36
      36
      42
      42
      43
      43
      41
      29
      34
      43
      43
      34
      39
      41
      39
      46
      32
      29
      36
      39
      45
      35
      40
      28
      36
      38
      32
      37
      34
      25
      43
      39
      36
      45
      37
      43
      44
      39
      42
      46
      29
      33
      49
      43
      40
      42
      40
      45
      29
      35
      36
      35
      37
      44
      39
      31
      31
      43
      33
      35
      25
      29
      41
      35
      34
      32
      41
      38
      26
      42
      26
      32
      23
      42
      25
      22
      27
      33
      42
      30
      30
      28
      31
      27
      26
      27
      26
      27
      19
      27
      27
      23
      34
      28
      27
      24
      23
      30
      26
      21
      34
      33
      26
      25
      21
      20
      27
      19
      22
      16
      27
      31
      23
      26
      15
      26
      20
      16
      11
      27
      22
      17
      29
      25
      27
      22
      18
      19
      21
      25
      26
      26
      30
      27
      31
      15
      26
      18
      29
      14
      27
      17
      16
      22
      22
      22
      23
      17
      22
      26
      19
      31
      20
      24
      23
      23
      18
      27
      19
      30
      29
      17
      34
      17
      22
      25
      16
      22
      21
      21
      26
      19
      18
      21
      25
      28
      26
      16
      21
      31
      27
      19
      24
      29
      20
      27
      24
      17
      24
      13
      17
      22
       8
      27
      23
      18
      31
      18
      26
      25
      14
      14
      22
      27
      18
      18
      14
      20
      16
      22
      20
      16
      25
      29
      24
      18
      21
      13
      13
      25
      16
      22
      16
      17
      16
      18
      17
      21
      17
      21
      23
      20
      19
      23
      11
      15
      20
      17
      14
      23
      28
      27
      16
      21
      14
      19
      20
      22
      22
      13
      17
      25
      21
      28
      16
      26
      15
      21
      22
      16
      17
      17
      19
      20
      20
      20
      21
      18
      20
      20
      14
      17
      18
      17
      14
      20
      19
      15
      15
      14
      13
      21
      12
      15
      14
      15
      21
      19
      15
      16
      11
      12
      11
      22
      14
      20
      21
      17
      22
      21
      18
      15
      17
      16
      17
      19
      14
      21
       9
      14
      18
      14
      15
      13
      11
      19
      20
      17
      20
       6
      14
      13
      15
      16
       9
      15
      11
      11
       8
      19
      20
       8
      18
      14
      11
      14
      12
      10
      13
      13
      24
      17
      13
      14
       9
      12
      11
      13
      13
      15
       8
      12
      18
      20
      13
      16
      14
      14
      11
       7
      14
       8
       9
      13
       6
       9
      14
       3
       8
      10
      14
       9
      10
       9
      12
      10
      11
      13
       9
      11
       5
       8
      10
      13
       7
       9
      14
      10
      20
      16
       6
       9
       9
       9
       8
      10
       9
       8
      10
       6
      15
      14
       6
       9
       5
      14
       7
       7
       8
      10
      10
       6
      10
       6
       8
       8
       6
      12
       9
       8
       6
       8
      10
       5
      10
       5
      11
       3
       6
      10
       5
       4
       1
       7
      11
       1
       7
       5
       5
       6
       5
       7
      10
       7
      14
       6
       9
       5
       3
       4
       8
       6
       6
       5
       4
       8
       5
       8
       4
       9
       8
       5
       5
      10
       8
       8
       4
       6
       4
       5
       9
      10
       7
       6
       4
       5
       4
       5
       7
       7
       9
       9
       4
       6
       6
       2
       3
       8
       4
       8
       3
      10
       6
       7
       6
       8
       8
       5
       5
       4
       5
       6
       5
       6
       7
       9
       5
       4
       2
       7
       5
       5
       5
       6
       8
       5
       4
       6
       5
       4
       6
       1
       8
       9
       3
       3
       4
       8
       6
       7
       3
       3
       4
       3
       1
       4
       8
       4
      14
      12
       2
      11
       5
       3
       2
       7
       6
       6
       4
       5
       7
       3
       7
       3
       4
       8
       5
       7
       7
       4
       4
       3
       5
       2
       3
       5
       3
       7
       2
       4
       5
       4
       8
       3
       9
       8
       3
       6
       6
       9
      10
       6
       8
       5
       4
       5
       4
       3
       7
      10
       7
       6
      10
       4
       1
       5
       9
       4
       6
       6
       6
       3
       3
       1
       5
       6
       4
       1
       3
      12
       8
       1
       7
      10
       8
      10
       9
       6
       5
       6
       8
       6
       6
       7
       9
       3
      13
       6
      11
      13
       7
      10
      10
       8
      12
       4
      13
      10
      11
      11
      11
      13
      16
      13
      16
      21
      21
      16
      34
      19
      20
      31
      31
      37
      24
      35
      38
      24
      31
      40
      51
      50
      54
      62
      68
      67
      69
      76
      90
      88
     124
     114
     146
     135
     150
     174
     186
     213
     241
     271
     286
     300
     350
     335
     374
     384
     352
     373
     369
     363
     403
     352
     356
     300
     267
     235
     196
     196
     168
     137
      88
      65
      75
      66
      45
      28
      24
      28
      20
      18
      17
      13
      13
      12
       5
       3
       7
       6
       2
       7
       7
       2
       3
       2
       3
       2
       1
       1
       1
       1
       4
       2
       2
       2
       0
       3
       2
       2
       0
       0
       0
       1
       0
       2
       1
       0
       0
       4
       1
       0
       2
       1
       0
       1
       1
       2
       1
       0
       0
       1
       1
       0
       0
       2
       0
       1
       1
       2
       1
       0
       0
       1
       0
       1
       0
       1
       0
       2
       0
       0
       0
       0
       2
       1
       0
       1
       1
       0
       1
       1
       0
       2
       1
       0
       1
       3
       1
       1
       0
       0
       1
       0
       0
       0
       0
       1
       2
       0
       0
       1
       0
       1
       0
       1
       1
       1
       2
       0
       3
       1
       0
       1
       1
       0
       2
       0
       1
       0
       2
       0
       0
       3
       1
       0
       0
       1
       3
       2
       1
       1
       0
       2
       0
       0
       0
       1
       0
       0
       1
       0
       1
       1
       0
       0
       2
       2
       0
       1
       2
       1
       1
       0
       0
       1
       1
       0
       1
       1
       0
       0
       0
       0
       2
       0
       5
       1
       0
       1
       1
       0
       2
       1
       1
       1
       0
       1
       0
       1
       1
       0
       2
       2
       0
       0
       1
       0
       0
       0
       1
       2
       0
       0
       0
       2
       1
       1
       1
       1
       0
       0
       0
       0
       1
       1
       2
       2
       2
       1
       0
       0
       2
       0
       1
       0
       1
       2
       0
       0
       1
       2
       1
       0
       2
       1
       0
       0
       0
       1
       1
       1
       1
       2
       0
       1
       1
       1
       1
       0
       1
       1
       1
       0
       0
       1
       0
       0
       1
       0
       0
       0
       2
       1
       1
       1
       0
       0
       2
       0
       1
       0
       0
       2
       1
       0
       0
       0
       0
       0
       0
       0
       0
       0
       0
       1
       0
       2
       0
       1
       1
       0
       0
       0
       0
       0
       0
       0
       1
       0
       0
       2
       0
       1
       0
       1
       1
       1
       1
       1
       0
       0
       1
       2
       0
       0
       0
       1
       0
       0
       0
       1
       0
       0
       2
       1
       0
       2
       0
       1
       2
       1
       2
       1
       0
       0
       0
       1
       0
       1
       1
       4
       0
       0
       1
       1
       1
       1
       1
       0
       1
       1
       0
       0
       1
       0
       1
       1
       2
       1
       1
       0
       0
       0
       3
       0
       1
       0
       0
       1
       0
       0
       0
       0
       0
       1
       0
       0
       0
       0
       0
       0
       1
       1
       1
       2
       0
       1
       0
       1
       1
       2
       1
       2
       1
       1
       1
       0
       1
       0
       1
       1
       0
       0
       0
       0
       0
       1
       2
       0
       0
       1
       0
       0
       3
       0
       1
       1
       0
       0
       2
       0
       0
       2
       0
       0
       0
       1
       1
       0
       0
       1
       1
       2
       1
       0
       0
       1
       0
       1
       0
       0
       0
       1
       0
       0
       0
       1
       1
       1
       1
       0
       0
       0
       0
       1
       1
       0
       1
       0
       0
       1
       0
       0
       0
       1
       0
       1
       0
       0
       0
       0
       0
       1
       1
       0
       2
       0
       0
       1
       0
       0
       0
       0
       0
       0
       0
       0
       0
       0
       1
       0
       0
       0
       0
       0
       2
       0
       0
       1
       0
       1
       0
       0
       0
       1
       2
       0
       0
       2
       0
       1
       1
       0
       0
       2
       2
       0
       1
       0
       0
       0
       1
       0
       0
       1
       0
       0
       0
       0
       0
       0
       2
       0
       0
       0
       0
       1
       0
       1
       0
       0
       0
       0
       0
       0
       0
       0
       1
       1
       1
       1
       0
       0
       0
       0
       2
       0
       0
       0
       0
       0
       1
       0
       0
       0
       0
       1
       2
       2
       1
       0
       0
       0
       0
       0
       0
       0
       0
       1
       0
       1
       0
       0
       0
       0
       0
       0
       2
       0
       0
       1
       1
       0
       0
       0
       0
       0
       0
       0
       0
       0
       0
       0
       1
       1
       0
       0
       1
       1
       0
       0
       1
       0
       0
       1
       0
       0
       1
       0
       0
       0
       0
       0
       1
       0
       1
       0
       0
       0
       0
       0
       0
       0
       0
       0
       0
       0
       0
       1
       0
       0
       0
       0
       0
       0
       1
       0
       0
       0
       1
       0
       0
       0
       0
       0
       0
       1
       0
       0
       1
       0
       0
       0
       0
       2
       0
       0
       0
       0
       0
       0
       0
       0
       0
       0
       0
       1
       0
       0
       0
       0
       0
       2
       1
       0
       0
       0
       0
       0
       0
       1
       1
       0
       0
       0
       0
       0
       0
       1
       0
       0
       0
       1
       1
       1
       1
       0
       0
       0
       0
       0
       0
       0
       0
       0
       0
       0
       0
       1
       0
       0
       0
       0
       1
       0
       1
       1
       0
       0
       0
       0
       0
       1
       0
       0
       0
       0
       0
       0
       0
       0
       0
       0
       0
       0
       0
       0
       1
       0
       0
       0
       0
       1
       1
       0
       0
       1
       0
       0
       0
       0
       0
       0
       1
       1
       0
       0
       1
       0
       1
       0
       0
       1
       0
       1
       0
       0
       0
       2
       0
       0
       0
       0
       1
       0
       0
       1
       1
       0
       1
       1
       0
       1
       0
       0
       0
       0
       0
       0
       0
       0
       0
       0
       0
       0
       0
       0
       2
       0
       0
       0
       1
       0
       0
       0
       1
       1
       0
       0
       0
       1
       0
       1
       0
       0
       0
       0
       0
       0
       0
       0
       0
       0
       0
       0
       0
       0
       0
       0
       0
       0
       0
       0
       1
       1
       0
       0
       0
       0
       0
       0
       0
       0
       0
       0
       0
       1
       1
       1
       0
       0
       0
       0
       0
       0
       0
       0
       1
       0
       0
       0
       1
       0
       1
       0
       0
       0
       0
       0
       0
       0
       0
       0
       1
       0
       0
       0
       1
       0
       0
       0
       0
       0
       0
       0
       1
       0
       0
       0
       0
       0
       1
       0
       2
       0
       0
       1
       0
       0
       0
       1
       0
       0
       0
       0
       2
       0
       0
       0
       0
       0
       1
       0
       0
       0
       0
       1
       0
       0
       0
       1
       0
       0
       0
       1
       1
       0
       0
       0
       0
       0
       0
       0
       0
       0
       0
       0
       0
       1
       0
       0
       0
       0
       0
       0
       0
       0
       0
       0
       0
       0
       0
       0
       0
       0
       0
       0
       0
       0
       0
       1
       0
       0
       0
       1
       0
       0
       0
       1
       1
       0
       0
       0
       0
       0
       0
       0
       0
       0
       0
       0
       0
       1
       0
       0
       0
       1
       0
       0
       0
       0
       0
       0
       0
       0
       1
       0
       0
       0
       1
       0
       0
       0
       0
       0
       0
       0
       0
       1
       0
       0
       0
       0
       0
       0
       0
       0
       0
       0
       1
       0
       0
       1
       0
       0
       0
       0
       0
       0
       0
       0
       0
       0
       0
       0
       0
       0
       0
       0
       0
       0
       0
       0
       1
       1
       0
       0
       0
       0
       0
       1
       0
       0
       0
       0
       0
       0
       0
       0
       0
       0
       0
       0
       0
       0
       0
       0
       0
       0
       0
       1
       0
       0
       0
       0
       0
       0
       0
       0
       0
       0
       0
       0
       0
       0
       1
       1
       0
       0
       0
       1
       0
       0
       0
       0
       0
       0
       0
       0
       0
       0
       0
       0
       0
       0
       0
       0
       0
       0
       0
       0
       0
       0
       0
       0
       0
       2
       0
       0
       0
       0
       0
       0
       1
       0
       1
       0
       0
       0
       0
       0
       0
       0
       0
       0
       0
       0
       0
       0
       0
       0
       0
       0
       0
       0
       0
       0
       0
       0
       0
       0
       0
       0
       0
       0
       0
       0
       0
       0
       0
       0
       0
       0
       0
       0
       0
       0
       0
       0
       0
       0
       0
       0
       0
       0
       0
       0
       0
       0
       0
       0
       0
       0
       0
       0
       0
       0
       0
       0
       0
       0
       0
       0
       0
       0
       0
       0
       0
       0
       0
       0
       0
       0
       0
       0
       0
       0
       0
       0
       0
       0
       0
       0
       0
       0
       0
       0
       0
       0
       0
       0
       0
       0
       0
       0
       0
       0
       0
       0
       0
       0
       0
       0
       0
       0
       0
       0
       0
       0
       0
       0
       0
       0
       0
       0
       0
       0
       0
       0
       0
       0
       0
       0
       0
       0
       0
       0
       0
       0
       0
       0
       0
       0
       0
       0
       0
       0
       0
       0
       0
       0
       0
       0
       0
$ROI:
1
3282 3426
$PRESETS:
None
0
0
$ENER_FIT:
1.616251 0.378579
$MCA_CAL:
3
1.616251E+000 3.785793E-001 0.000000E+000 keV
$SHAPE_CAL:
3
1.021406E+001 5.547639E-004 0.000000E+000
