$SPEC_ID:
No sample description was entered.
$SPEC_REM:
DET# 1
DETDESC# DESKTOP-95CNEVU Easy-MCA-2k SN 16145343
AP# Maestro Version 7.01
$DATE_MEA:
02/14/2020 11:09:35
$MEAS_TIM:
684 695
$DATA:
0 2047
       0
       0
       0
       0
       0
       0
       0
       0
     356
    1178
    2157
    1469
     359
     368
     317
     301
     289
     299
     334
     350
     309
     338
     345
     329
     336
     318
     272
     367
     343
     364
     359
     333
     404
     408
     368
     375
     360
     372
     380
     358
     348
     370
     350
     363
     354
     376
     355
     382
     387
     373
     379
     388
     408
     405
     456
     506
     529
     650
     655
     764
     806
     879
     906
     871
     832
     796
     758
     718
     723
     654
     641
     591
     597
     568
     502
     501
     456
     421
     442
     410
     427
     387
     387
     396
     408
     394
     397
     395
     418
     425
     409
     399
     396
     441
     434
     458
     445
     453
     455
     434
     498
     459
     476
     505
     485
     476
     492
     464
     474
     480
     530
     494
     464
     512
     563
     529
     530
     505
     541
     572
     550
     560
     527
     539
     543
     545
     525
     532
     543
     524
     581
     471
     563
     526
     530
     514
     561
     556
     571
     560
     576
     562
     606
     588
     618
     581
     604
     594
     603
     611
     635
     623
     650
     613
     646
     654
     599
     598
     665
     641
     625
     655
     667
     701
     669
     720
     727
     754
     718
     785
     689
     711
     748
     728
     764
     750
     801
     747
     760
     798
     779
     778
     779
     814
     771
     780
     773
     782
     791
     816
     754
     748
     755
     738
     743
     733
     713
     763
     691
     720
     720
     715
     717
     762
     740
     716
     680
     665
     710
     698
     679
     657
     667
     729
     706
     647
     667
     632
     637
     652
     689
     611
     680
     699
     649
     648
     641
     626
     671
     647
     613
     613
     602
     590
     646
     612
     641
     597
     556
     621
     652
     589
     599
     617
     545
     608
     639
     571
     551
     560
     578
     569
     560
     557
     552
     547
     594
     622
     549
     540
     558
     556
     552
     602
     546
     531
     522
     529
     535
     513
     517
     560
     548
     507
     516
     526
     531
     476
     521
     518
     518
     507
     466
     513
     513
     505
     475
     520
     520
     486
     507
     469
     446
     506
     505
     462
     469
     467
     505
     450
     452
     472
     445
     483
     483
     494
     481
     461
     431
     445
     429
     457
     418
     449
     515
     453
     446
     442
     442
     438
     489
     440
     419
     466
     449
     466
     441
     444
     419
     411
     410
     411
     452
     413
     462
     461
     426
     400
     412
     440
     379
     451
     408
     449
     410
     394
     396
     413
     436
     417
     408
     405
     391
     407
     391
     381
     413
     425
     432
     422
     409
     354
     397
     402
     419
     407
     351
     414
     417
     414
     426
     385
     413
     429
     392
     400
     389
     416
     384
     401
     412
     377
     424
     417
     444
     429
     391
     456
     408
     393
     386
     409
     425
     371
     390
     429
     438
     391
     407
     385
     378
     385
     375
     392
     400
     359
     349
     367
     363
     372
     343
     361
     370
     338
     332
     375
     362
     362
     358
     337
     345
     386
     388
     349
     378
     351
     348
     335
     330
     362
     321
     360
     340
     352
     344
     363
     327
     306
     364
     364
     360
     364
     335
     353
     350
     339
     353
     316
     310
     337
     368
     345
     342
     320
     320
     344
     323
     322
     332
     347
     322
     347
     339
     361
     339
     366
     317
     341
     350
     322
     329
     329
     386
     334
     318
     310
     355
     357
     313
     330
     345
     361
     329
     336
     309
     362
     339
     338
     333
     347
     344
     326
     321
     314
     346
     319
     326
     351
     357
     306
     333
     341
     339
     319
     294
     375
     337
     346
     350
     322
     338
     322
     311
     332
     326
     350
     342
     344
     334
     317
     331
     330
     301
     341
     332
     332
     355
     315
     314
     297
     323
     334
     321
     353
     306
     326
     358
     322
     327
     332
     310
     345
     287
     314
     348
     357
     350
     340
     332
     339
     346
     357
     339
     313
     325
     319
     299
     312
     345
     337
     325
     302
     326
     335
     322
     303
     349
     358
     339
     319
     335
     340
     391
     339
     343
     355
     338
     355
     320
     312
     326
     313
     327
     326
     374
     337
     329
     354
     348
     352
     343
     352
     339
     342
     340
     353
     362
     327
     349
     339
     335
     330
     354
     340
     315
     372
     346
     366
     353
     350
     330
     344
     343
     331
     353
     348
     342
     351
     365
     346
     333
     361
     335
     320
     369
     353
     375
     359
     366
     380
     360
     388
     360
     356
     345
     363
     362
     353
     356
     385
     362
     322
     365
     381
     357
     353
     353
     349
     376
     349
     317
     344
     393
     374
     385
     352
     367
     409
     362
     370
     384
     382
     386
     400
     364
     344
     366
     386
     378
     368
     367
     373
     374
     395
     375
     343
     359
     345
     350
     346
     333
     350
     383
     331
     337
     341
     348
     327
     370
     321
     345
     300
     332
     341
     326
     301
     297
     327
     314
     301
     314
     300
     305
     294
     272
     307
     273
     324
     288
     287
     271
     298
     278
     278
     250
     261
     259
     275
     286
     251
     264
     286
     278
     251
     255
     258
     237
     292
     255
     249
     233
     242
     271
     264
     233
     238
     245
     244
     245
     241
     252
     214
     222
     243
     249
     247
     214
     262
     198
     238
     234
     259
     249
     226
     231
     241
     251
     252
     222
     239
     207
     250
     231
     230
     228
     215
     218
     239
     216
     228
     217
     223
     215
     207
     228
     242
     225
     219
     241
     210
     220
     246
     214
     230
     221
     232
     236
     222
     217
     202
     231
     211
     213
     214
     200
     222
     202
     204
     210
     236
     217
     231
     210
     201
     223
     241
     234
     244
     242
     267
     259
     310
     307
     305
     284
     328
     338
     325
     378
     393
     374
     402
     444
     462
     495
     496
     525
     533
     529
     597
     640
     701
     646
     725
     768
     812
     861
     801
     871
     920
     907
    1052
    1047
    1086
    1061
    1092
    1135
    1111
    1189
    1172
    1219
    1167
    1178
    1186
    1262
    1240
    1156
    1201
    1177
    1155
    1122
    1128
    1124
    1100
    1124
    1043
     971
     994
     937
     939
     891
     873
     801
     793
     740
     660
     671
     660
     629
     529
     529
     520
     460
     430
     406
     366
     370
     349
     300
     282
     271
     252
     234
     227
     223
     183
     160
     172
     149
     165
     140
     138
     124
     111
     123
     121
     111
     110
      91
     116
     112
     109
     127
     113
     122
      87
     124
     123
     144
     157
     145
     170
     190
     170
     183
     212
     210
     208
     220
     256
     266
     309
     325
     311
     332
     352
     408
     395
     452
     434
     515
     476
     558
     553
     529
     623
     660
     685
     651
     732
     758
     779
     725
     833
     851
     846
     903
     872
    1011
     890
     914
     959
     948
     957
     974
     946
     884
    1017
     937
     946
     923
     895
     961
     912
     913
     856
     820
     886
     856
     793
     758
     812
     736
     736
     654
     664
     608
     576
     555
     491
     486
     514
     493
     433
     429
     362
     327
     339
     318
     291
     276
     237
     224
     227
     179
     175
     175
     154
     137
     144
     101
     115
     100
      76
      73
      77
      73
      61
      61
      57
      51
      49
      34
      30
      37
      26
      36
      33
      29
      30
      19
      22
      14
      23
      14
      11
      29
      19
      17
      19
      13
      15
      17
      19
      26
      13
      14
      12
       9
      14
      14
      19
      13
      10
      12
      14
       9
      20
      13
      16
      13
      14
      16
      16
      16
      20
      19
      20
      12
      13
      11
      12
       9
      18
      11
       9
      16
       9
       8
      14
      12
      16
      16
      12
      13
      10
       9
      13
      16
      11
      18
      11
      11
      11
       9
      16
      14
      10
       7
      17
      11
      10
       8
      13
      13
       4
      11
       7
       9
      16
      10
      21
      11
       7
      15
      11
      18
      14
       8
       9
      16
       9
      12
       8
      11
      11
       9
       7
       9
      17
      10
       9
       4
      11
       8
       6
      12
      11
      12
      13
       9
      12
       8
       6
      10
      13
      15
      15
      11
       7
      15
      15
      13
      13
      16
       3
      15
       8
      12
       8
       9
      11
       7
       7
       6
      13
       8
       5
       9
       9
      10
       8
      10
      13
       9
       5
       7
      12
      10
      11
       8
      17
      12
       4
      10
      10
      13
      10
       8
       5
       7
      12
       8
      15
      14
      14
      10
       9
      10
      10
      13
      16
       5
       6
      14
       9
      12
       9
       9
      11
      10
      11
      10
      10
      14
      10
       8
       9
      12
       8
       8
       6
       4
      10
       9
      10
      11
      14
       7
       7
       5
       6
       8
       5
       3
      12
       5
       8
      13
       8
       5
       4
       9
      12
      10
      12
      13
       9
       3
       6
       5
       5
       8
       8
       9
       7
      11
       6
       9
       6
       8
       6
       9
       8
      10
       4
       6
       8
       5
       8
      12
       8
       7
       6
       8
       6
       6
       7
       5
       5
      13
       9
       7
       6
       5
      13
       7
       3
       7
       6
       5
       9
       6
      11
       9
       7
       8
       8
      13
       2
       7
       5
       2
       5
      10
       9
       4
      10
       4
       3
       7
       6
       3
       8
       3
       8
       4
       5
      14
       7
       8
       8
      10
       2
      10
       7
      13
       8
      12
       3
       7
      10
       5
      10
       6
      11
       5
       3
       8
       4
       4
       4
       5
       5
       7
       8
       2
       5
       9
       8
       3
       5
       8
       5
       6
       5
       8
       8
      12
       4
       2
       4
       3
       8
       7
       3
       7
       8
       7
       6
       9
       2
       4
       9
       6
       6
       6
       3
       5
       7
       5
       2
       7
       1
       5
       6
       9
       4
       3
       2
       4
       7
       4
       3
       6
       2
       4
       8
       7
       2
       7
       4
       6
      11
       7
       4
       4
       7
       3
       5
       9
       7
       2
       7
       4
       5
       9
       3
       7
       4
       8
       5
       5
       9
       6
       8
       5
       8
       2
       2
       4
       8
       5
       3
       3
       5
       1
       3
       6
      10
       7
       3
       4
       6
      11
       4
       5
       3
       3
       4
       4
       7
       5
       8
       3
       4
       8
       6
       7
      11
       4
       7
       6
       5
       8
       5
       6
       6
       3
       4
       8
       4
       0
       5
       3
       6
       2
       5
       2
       7
       6
       4
       4
       5
       5
       7
       5
       4
       5
       2
       2
       8
       4
       2
       6
       3
       4
       4
       5
       5
       3
       2
       7
       5
       6
       4
       5
       4
       3
       4
       5
       4
       5
       4
       3
       7
       7
       5
       7
       4
       3
       6
       7
       6
       4
       7
       7
       5
       3
       7
       3
       2
       3
       3
      11
       8
       8
       6
       4
       6
       5
       2
       4
       5
       9
       6
       9
       4
       6
       3
       6
       4
       6
       8
       4
       4
       4
       7
       7
       7
       3
       5
       8
       7
       9
       5
       5
       2
       5
       6
       5
       8
       7
       3
       4
       2
       3
       4
       5
       4
      11
       4
       5
      11
       5
       5
       1
       7
       9
      12
       5
       4
       1
       6
       4
       6
       2
       4
       1
       3
       5
       1
       5
       6
       6
       5
       3
       5
       4
       8
       4
       4
       6
       5
       6
       2
       4
       5
       3
       2
       6
       2
       4
       6
       7
       6
       2
       4
       7
       2
       4
       6
       5
       3
       4
       3
       2
       4
       2
       4
       4
       8
       3
       3
       2
       3
       1
       5
       3
       4
       5
       0
       6
       5
       3
       4
       3
       3
       3
       5
       7
       4
       6
       2
       3
       0
       2
       2
       2
       2
       1
       3
       4
       3
       5
       1
       2
       1
       4
       5
       2
       1
       1
       1
       1
       2
       1
       2
       6
       1
       0
       2
       0
       2
       2
       1
       3
       0
       3
       1
       2
       1
       1
       3
       0
       1
       2
       0
       0
       0
       1
       0
       0
       2
       4
       0
       1
       3
       1
       2
       3
       1
       2
       1
       2
       1
       2
       1
       2
       5
       0
       0
       5
       3
       2
       2
       2
       2
       4
       4
       3
       4
       3
       6
       2
       0
       3
       2
       2
       3
       3
       5
       3
       2
       6
       3
       5
       0
       6
       4
       5
       5
       3
       6
       5
       5
       5
       7
       4
       3
       8
       5
       4
       3
      12
      10
       7
       8
       4
       7
       4
      14
       1
       7
       9
      10
      10
       7
       5
       7
       9
       7
       6
       9
       8
       7
      12
       3
      12
      10
       6
       2
       9
       7
       5
      14
       1
      11
       8
       7
       9
       4
      11
       6
       7
       8
       7
      11
       6
      11
      10
       4
       6
       4
       3
       7
       7
       4
       4
       0
      10
       4
       7
       2
       3
       5
       4
       1
       7
       4
       5
       5
       2
       5
       4
       4
       5
       4
       0
       3
       0
       2
       3
       1
       2
       3
       2
       2
       0
       2
       2
       0
       0
       1
       2
       0
       1
       1
       0
       0
       0
       2
       0
       0
       0
       0
       0
       1
       0
       0
       1
       0
       0
       0
       1
       0
       0
       3
       1
       0
       0
       0
       0
       0
       0
       0
       0
       0
       0
       0
       0
       0
       1
       0
       2
       1
       0
       0
       0
       0
       0
       0
       1
       0
       1
       1
       0
       0
       0
       0
       0
       0
       1
       0
       1
       0
       0
       1
       0
       1
       0
       1
       0
       1
       1
       0
       0
       0
       0
       0
       0
       0
       0
       1
       0
       0
       1
       1
       0
       0
       0
       0
       0
       0
       0
       0
       0
       1
       0
       0
       0
       0
       0
       0
       0
       0
       0
       0
       0
       0
       0
       0
       0
       0
       0
       0
       0
       0
       0
       0
       0
       0
       0
       1
       0
       0
       0
       0
       0
       0
       0
       1
       0
       0
       1
       0
       0
       0
       2
       0
       1
       0
       0
       0
       0
       0
       0
       0
       0
       1
       0
       0
       0
       0
       1
       0
       0
       0
       0
       0
       0
       0
       0
       0
       0
       0
       0
       0
       0
       0
       0
       0
       0
       0
       0
       0
       0
       0
       0
       0
       0
       0
       0
       0
       0
       0
       0
       0
$ROI:
2
801 909
911 1031
$PRESETS:
None
0
0
$ENER_FIT:
-44.354591 1.425041
$MCA_CAL:
3
-4.435459E+001 1.425041E+000 0.000000E+000 keV
$SHAPE_CAL:
3
1.539914E+001 3.312946E-002 0.000000E+000
