$SPEC_ID:
No sample description was entered.
$SPEC_REM:
DET# 1
DETDESC# DESKTOP-95CNEVU Easy-MCA-2k SN 16145343
AP# Maestro Version 7.01
$DATE_MEA:
02/14/2020 13:31:21
$MEAS_TIM:
2800 4773
$DATA:
0 2047
       0
       0
       0
       0
       0
       0
       0
       1
   41217
  167883
  316775
  242057
   65361
   58099
   56421
   57126
   57828
   59882
   64837
   73829
   93146
  127748
  179932
  243895
  307866
  360529
  399923
  425157
  438528
  429861
  396952
  341224
  273542
  209962
  159510
  124443
  102185
   87564
   78785
   74392
   72278
   70481
   69719
   68868
   68654
   68895
   67992
   68490
   68720
   68165
   68670
   69144
   69173
   69656
   71170
   72749
   75086
   79647
   84209
   89547
   95832
  100946
  106190
  110149
  112145
  113445
  111861
  109668
  105964
  102001
   98355
   94792
   91911
   89340
   87518
   85015
   83343
   80652
   78659
   76204
   74648
   72834
   71933
   71341
   71110
   71243
   71296
   71483
   71915
   72554
   72831
   73304
   74473
   74649
   75063
   75946
   76181
   77570
   77768
   78616
   79428
   79626
   80776
   80963
   82053
   82798
   82584
   83527
   84415
   84832
   85348
   85425
   86113
   86328
   87021
   86986
   87054
   87880
   88424
   89139
   89404
   90238
   90198
   90886
   91340
   91481
   92099
   92121
   92265
   92713
   94126
   93522
   94790
   95732
   96007
   96134
   97246
   97749
   98917
  101076
  101353
  102285
  104315
  105032
  108119
  109708
  111382
  113417
  116668
  118641
  120454
  123551
  125807
  128211
  130055
  132201
  133509
  135581
  136484
  138284
  138704
  140234
  140216
  140161
  141502
  141217
  141237
  141013
  141461
  141032
  140190
  139607
  139904
  138955
  138685
  137542
  136990
  136516
  136310
  135952
  134750
  134660
  133696
  133032
  133181
  131676
  131612
  131272
  129798
  129532
  128566
  128753
  127464
  127434
  126585
  126433
  125752
  124702
  123965
  123680
  122920
  122343
  121288
  121529
  121264
  119849
  119220
  119287
  118029
  118077
  116954
  116579
  115992
  115539
  115407
  114766
  114581
  113319
  113339
  112853
  112011
  112085
  110805
  111207
  110473
  109767
  109109
  109857
  108773
  108267
  107822
  106676
  106796
  106294
  105830
  105986
  104701
  104241
  104401
  104037
  103189
  104003
  102581
  102027
  102207
  101266
  101391
  100584
  101146
  100765
  100028
  100009
   99250
   98536
   98727
   98075
   98281
   97781
   96983
   97449
   96960
   96616
   96579
   96224
   96041
   95766
   95097
   94762
   94675
   94278
   93800
   94434
   93663
   93593
   93741
   93040
   93417
   92875
   92064
   92795
   92514
   92150
   92447
   92120
   91799
   91207
   91464
   91525
   92074
   90618
   90803
   90676
   91161
   90590
   90511
   90436
   90317
   90870
   90425
   90406
   90339
   90337
   90034
   90574
   89221
   89942
   90389
   90252
   89623
   90234
   89572
   89791
   90221
   90086
   89919
   90162
   89908
   90237
   89752
   90219
   90349
   90600
   90176
   90331
   90166
   90496
   90238
   90557
   90537
   90934
   90974
   90336
   91035
   90609
   91149
   91106
   90826
   90772
   90966
   90785
   90885
   91247
   91140
   91344
   90751
   90370
   90227
   89863
   89459
   88796
   88724
   87863
   86710
   86871
   85330
   84436
   83267
   82631
   80689
   79808
   78686
   76765
   74801
   74013
   71707
   70514
   68656
   67211
   65143
   63581
   62369
   60509
   58904
   57573
   56174
   54850
   53455
   52497
   51196
   49891
   49041
   48496
   47439
   46903
   46602
   45817
   45470
   44469
   44645
   43880
   43391
   43336
   42786
   42861
   42188
   42131
   41664
   41609
   41500
   41053
   40773
   40444
   39933
   39849
   38943
   38698
   38467
   37516
   37132
   36453
   35912
   35256
   34535
   33782
   33339
   32475
   31944
   30925
   30410
   29689
   29116
   28747
   27928
   27434
   26796
   26211
   25810
   25324
   24914
   24730
   24034
   23661
   23566
   23419
   22959
   22333
   22144
   22037
   21618
   21762
   21530
   21128
   20966
   20535
   20908
   20656
   20413
   20657
   20509
   20209
   20161
   20081
   20186
   20215
   20093
   20188
   20094
   20163
   20365
   20603
   20843
   21176
   21545
   22239
   22684
   23439
   24319
   25711
   26881
   28096
   29442
   32015
   34244
   36924
   39716
   43314
   47536
   51974
   56770
   62906
   69865
   76880
   84988
   93960
  104425
  115342
  127112
  140779
  154752
  170551
  185332
  203235
  223029
  242453
  262846
  285272
  306424
  330694
  353724
  378910
  403295
  427034
  453167
  476031
  499686
  525177
  547512
  567542
  587316
  603345
  619409
  631183
  643572
  652041
  658057
  658580
  660035
  657056
  651069
  641829
  631481
  617475
  602779
  583091
  563744
  542373
  518094
  493818
  469420
  443704
  416650
  389875
  363774
  337393
  313507
  288701
  264381
  242138
  220462
  201817
  181721
  164814
  149201
  134468
  120960
  108807
   98120
   88071
   79287
   71425
   64988
   58705
   53692
   49355
   44804
   41772
   39052
   36801
   34537
   32878
   31219
   29656
   28576
   27582
   26543
   26203
   25378
   24748
   24635
   24314
   23760
   23294
   23499
   22985
   22749
   22590
   22319
   22249
   22077
   22016
   21516
   21498
   21494
   21410
   21397
   21177
   20965
   20959
   20668
   20433
   20480
   20375
   20629
   20282
   19991
   20034
   19863
   19720
   19716
   19574
   19517
   19182
   19389
   19244
   18817
   19168
   19143
   18657
   18962
   18623
   18612
   18530
   18354
   18382
   18687
   18173
   18458
   18052
   18049
   17927
   17849
   17615
   18034
   17765
   17785
   17930
   17665
   17492
   17481
   17720
   17441
   17633
   17438
   17351
   17560
   17361
   17519
   17220
   17805
   17254
   17722
   17512
   17429
   17559
   17615
   17618
   17619
   17494
   17642
   17745
   17681
   17786
   17836
   17990
   17889
   17738
   18069
   17974
   18101
   18134
   17852
   18214
   18030
   17875
   18008
   18123
   17849
   18062
   17929
   17787
   17745
   18123
   17983
   17720
   17790
   17711
   17444
   17288
   17452
   17465
   17480
   17378
   17289
   17164
   17000
   16829
   17122
   16763
   16863
   16665
   16393
   16186
   16173
   16212
   16134
   15961
   16332
   15861
   15782
   15538
   15809
   15667
   15530
   15469
   15417
   15226
   15149
   15034
   14927
   14859
   14662
   14745
   14798
   14396
   14581
   14294
   14331
   14333
   14027
   14029
   14055
   13887
   14081
   13817
   13548
   13393
   13517
   13397
   13431
   13219
   13272
   13307
   13080
   13235
   12998
   12871
   12905
   12857
   12846
   12524
   12766
   12470
   12474
   12429
   12346
   12449
   12395
   12062
   12421
   12257
   11975
   12134
   11852
   11765
   11868
   11854
   11802
   11736
   11678
   11722
   11890
   11682
   11306
   11477
   11334
   11322
   11125
   11235
   11032
   11225
   11166
   10949
   11002
   10825
   10888
   10768
   10835
   10971
   10776
   10530
   10713
   10651
   10539
   10653
   10294
   10473
   10232
   10240
   10256
   10226
   10161
   10325
   10167
   10135
   10208
    9916
    9818
    9868
    9816
    9706
    9824
    9743
    9652
    9732
    9609
    9544
    9692
    9315
    9199
    9515
    9329
    9279
    9119
    9127
    9208
    9297
    9195
    9006
    9041
    8951
    9086
    9005
    8938
    8994
    8719
    8771
    8666
    8715
    8716
    8576
    8716
    8516
    8516
    8433
    8361
    8189
    8200
    8354
    8301
    8184
    8374
    8101
    7982
    8068
    7969
    8005
    7858
    8049
    7899
    7875
    7803
    7750
    7687
    7638
    7663
    7555
    7639
    7643
    7484
    7550
    7322
    7328
    7246
    7108
    7149
    7138
    7218
    7154
    7053
    6934
    6991
    6847
    6895
    6653
    6611
    6757
    6644
    6575
    6576
    6510
    6396
    6417
    6373
    6201
    6317
    6351
    6214
    6264
    6193
    6144
    6158
    5957
    6137
    5964
    6044
    5928
    5806
    5916
    6019
    5760
    5800
    5723
    5884
    5849
    5755
    5770
    5674
    5633
    5529
    5649
    5810
    5724
    5761
    5533
    5579
    5701
    5715
    5647
    5611
    5730
    5586
    5859
    5536
    5745
    5809
    5704
    5562
    5742
    5750
    5676
    5816
    5746
    5893
    5886
    5885
    5919
    5920
    5874
    5879
    6080
    6128
    6195
    6093
    6342
    6228
    6270
    6344
    6423
    6412
    6381
    6545
    6560
    6519
    6607
    6665
    6773
    6742
    6902
    6914
    6848
    6887
    6965
    7191
    6928
    7127
    7001
    7121
    7293
    7175
    7469
    7268
    7367
    7355
    7516
    7434
    7579
    7541
    7672
    7621
    7518
    7722
    7750
    7687
    7775
    7871
    7821
    7880
    7753
    7840
    8028
    8192
    8024
    8062
    8374
    8093
    8375
    8289
    8184
    8271
    8334
    8437
    8548
    8378
    8542
    8414
    8664
    8388
    8550
    8765
    8737
    8464
    8457
    8609
    8568
    8614
    8593
    8626
    8580
    8425
    8535
    8227
    8143
    8199
    8131
    7921
    7870
    7593
    7556
    7449
    7149
    7244
    7028
    6940
    6675
    6607
    6477
    6064
    5980
    5855
    5545
    5637
    5322
    5122
    4973
    4815
    4487
    4418
    4262
    4028
    3882
    3740
    3579
    3453
    3306
    3153
    3043
    2927
    2719
    2665
    2467
    2397
    2278
    2208
    2063
    1990
    1862
    1792
    1785
    1798
    1691
    1641
    1535
    1536
    1495
    1368
    1428
    1331
    1367
    1352
    1241
    1191
    1238
    1239
    1158
    1136
    1204
    1119
    1136
    1068
    1101
    1034
    1037
    1013
    1048
    1034
    1027
     979
    1024
    1022
     994
     988
    1018
    1020
     972
     991
     912
     974
     994
     908
     927
     981
     934
     899
     936
     902
     902
     934
     903
     924
     901
     922
     950
     857
     866
     849
     854
     906
     849
     838
     880
     888
     883
     844
     836
     834
     816
     834
     830
     813
     793
     844
     830
     807
     813
     780
     758
     822
     798
     757
     768
     781
     783
     772
     787
     805
     825
     736
     767
     757
     758
     752
     753
     749
     770
     745
     716
     719
     729
     691
     720
     738
     684
     736
     668
     690
     677
     658
     676
     649
     640
     653
     697
     652
     624
     650
     671
     649
     654
     618
     603
     648
     613
     624
     628
     631
     639
     668
     581
     526
     607
     609
     631
     575
     623
     573
     520
     613
     582
     595
     517
     568
     541
     551
     553
     550
     517
     543
     510
     510
     529
     535
     528
     478
     527
     537
     543
     522
     537
     521
     475
     477
     437
     500
     509
     498
     438
     519
     442
     474
     447
     468
     482
     411
     407
     448
     466
     459
     442
     418
     437
     447
     436
     441
     382
     408
     425
     471
     439
     410
     432
     408
     442
     403
     385
     424
     414
     385
     369
     427
     394
     385
     352
     424
     371
     389
     392
     400
     371
     341
     361
     361
     361
     371
     297
     360
     394
     340
     374
     353
     359
     354
     345
     351
     362
     346
     341
     345
     328
     332
     349
     339
     323
     316
     324
     318
     326
     331
     302
     324
     364
     304
     322
     319
     319
     283
     329
     314
     303
     308
     313
     305
     334
     317
     315
     310
     311
     291
     322
     303
     302
     277
     311
     295
     286
     287
     279
     296
     264
     306
     254
     287
     302
     286
     276
     291
     248
     284
     287
     294
     281
     281
     276
     297
     270
     254
     251
     263
     254
     273
     245
     231
     249
     277
     257
     251
     259
     279
     233
     236
     250
     279
     239
     236
     241
     222
     243
     225
     254
     236
     235
     243
     212
     226
     208
     236
     209
     215
     215
     195
     187
     194
     198
     200
     193
     184
     190
     177
     209
     191
     185
     198
     183
     177
     183
     151
     174
     196
     186
     179
     187
     168
     194
     185
     182
     164
     169
     168
     183
     171
     170
     156
     166
     175
     154
     147
     156
     146
     161
     140
     160
     141
     162
     153
     161
     156
     147
     164
     166
     117
     151
     152
     156
     145
     142
     154
     126
     119
     157
     148
     152
     131
     159
     132
     146
     131
     122
     141
     152
     147
     150
     142
     133
     136
     140
     145
     148
     143
     114
     140
     146
     144
     143
     134
     131
     140
     125
     128
     136
     135
     115
     134
     134
     129
     122
     129
     124
     132
     124
     126
     132
     118
     125
     131
     129
     132
     147
     142
     123
     136
     119
     123
     128
     131
     116
     120
     107
     106
     129
     116
     117
     113
     122
     116
     119
     117
      92
     100
      98
      96
      94
      95
     106
     108
      99
      97
      95
      92
     101
     106
      83
      99
      99
      84
      85
      81
      94
      93
      71
      74
      79
      82
      79
      96
      86
      53
      86
      71
      68
      81
      56
      59
      58
      78
      71
      68
      71
      51
      60
      58
      61
      64
      57
      43
      49
      54
      41
      50
      51
      48
      51
      41
      54
      48
      40
      32
      45
      25
      46
      45
      32
      39
      34
      30
      46
      31
      32
      46
      36
      39
      29
      34
      33
      28
      34
      35
      30
      24
      28
      36
      32
      22
      24
      31
      36
      23
      25
      21
      23
      23
      42
      28
      31
      22
      24
      25
      35
      30
      23
      27
      31
      22
      34
      16
      25
      22
      22
      34
      25
      24
      29
      23
      24
      21
      23
      16
      20
      24
      22
      26
      24
      23
      24
      23
      19
      18
      25
      22
      23
      18
      21
      27
      11
      26
      20
      22
      19
      19
      17
      22
      21
      23
      22
      15
      20
      16
      17
      24
      18
      22
      25
      21
      21
      23
      26
      19
      18
      26
      27
      23
      20
      14
      18
      15
      23
      21
      14
      25
      17
      16
      18
      14
      21
      20
      15
       9
      10
      22
      15
      23
      13
      19
      12
      16
      14
      17
      17
      16
      19
      24
       9
      11
      14
      21
      13
      19
       9
      18
      27
      13
      12
      11
      15
      11
      10
      19
      16
      17
      11
      25
      16
      13
      19
      18
      16
       7
      15
      16
      19
      11
      13
      16
      12
      15
      10
      16
       7
      13
      10
      15
      13
      10
      12
      15
      13
      13
      13
      13
       9
      12
      13
      16
      12
      12
       5
      14
      15
       7
       7
       5
       7
      14
       9
       8
      14
       9
      16
      11
      12
       7
      11
       5
      10
       8
       7
       8
       7
       8
      10
       9
      13
      12
       9
      13
      12
      12
       9
      10
      11
       7
       8
      14
      10
      14
       8
      10
      12
       4
       4
      11
      15
       6
      11
      10
      10
      11
       7
      16
       8
       6
       5
      12
      11
      10
      10
       7
       3
       8
       4
      10
      12
       9
       6
       3
       8
       9
       8
       9
      12
       5
       9
       9
      12
      11
       8
       5
       4
       9
      10
      11
       8
       8
       9
       4
      11
       8
      13
       5
       3
      13
       8
      12
      10
       6
       5
       7
       7
       9
       9
       5
       9
       7
       3
       8
       8
       6
       5
       4
       3
       9
       6
      10
       9
       4
       8
       3
      11
      10
       7
       7
       8
       6
       3
      11
      13
      10
       8
      11
      10
       8
       7
       7
       7
      14
      10
       4
       4
       8
       7
       8
      11
      13
       0
       5
       6
      12
       3
       6
       8
       6
      10
       6
       9
       2
       6
       8
       6
      10
      10
      12
       6
      10
      12
       6
       8
      11
       4
       9
       5
      16
       6
       8
       6
       3
       4
       4
       4
       7
       6
       3
       5
       6
       8
       6
       5
       2
       5
       7
       6
       5
       4
       3
       5
       5
       8
       2
       8
       3
       5
       3
       6
       4
       0
       5
       5
       2
      12
       6
       3
       6
       0
       3
       4
       3
       4
       0
       6
       4
       5
       3
       1
       4
       1
       4
       3
       2
       3
       6
       2
       3
       2
       3
       3
       5
       4
       4
       3
       3
       1
       3
       5
       4
       4
       3
       2
       3
       1
       0
       0
       0
       0
       0
       0
       0
       0
       0
       0
       0
       0
       0
       0
       0
       0
       0
       0
       0
       0
       0
       0
       0
       0
       0
       0
       0
       0
       0
       0
       0
       0
$ROI:
2
17 44
473 546
$PRESETS:
None
0
0
$ENER_FIT:
-44.354591 1.425041
$MCA_CAL:
3
-4.435459E+001 1.425041E+000 0.000000E+000 keV
$SHAPE_CAL:
3
1.539914E+001 3.312946E-002 0.000000E+000
