$SPEC_ID:
No sample description was entered.
$SPEC_REM:
DET# 1
DETDESC# DESKTOP-95CNEVU Easy-MCA-2k SN 16145343
AP# Maestro Version 7.01
$DATE_MEA:
02/14/2020 14:51:40
$MEAS_TIM:
1973 3238
$DATA:
0 2047
       0
       0
       0
       0
       0
       0
       0
       1
   28719
  108127
  190037
  152493
   39753
   33681
   32452
   32858
   33011
   33310
   33868
   33728
   34255
   34254
   35174
   35388
   35515
   36160
   36310
   36682
   36625
   37171
   37437
   38368
   39270
   40179
   41531
   43035
   43676
   44524
   44925
   45144
   44888
   44099
   43826
   42806
   42640
   41675
   41408
   41500
   41476
   41444
   42006
   42479
   43038
   43968
   45560
   48217
   51438
   57809
   65437
   74802
   85313
   96013
  107158
  115662
  122307
  124789
  124543
  121792
  116868
  109267
  102429
   94471
   88773
   83598
   78578
   75162
   70823
   67464
   62925
   59020
   55070
   52113
   48494
   47023
   45700
   44727
   44330
   44614
   45046
   45251
   45503
   45782
   46304
   47280
   47198
   48165
   48629
   48892
   48980
   49943
   50365
   50458
   51455
   51560
   52559
   52732
   53126
   53278
   53888
   54607
   54775
   55190
   55427
   56238
   56278
   56743
   56494
   57362
   58138
   58039
   58429
   58861
   59550
   59565
   59870
   60540
   60550
   61646
   61202
   62106
   62733
   63381
   64622
   65469
   65789
   66645
   67830
   69102
   70652
   72118
   72612
   73641
   75495
   76330
   77939
   78792
   80097
   81116
   81848
   82312
   82863
   83343
   83491
   83877
   83995
   84292
   83492
   83696
   83424
   84066
   83790
   83438
   82642
   83274
   83246
   83026
   82678
   82864
   82516
   83037
   82456
   82902
   82145
   82460
   82963
   82979
   82386
   82302
   82702
   82227
   82182
   81673
   81844
   81251
   81619
   81574
   80992
   81319
   80577
   81060
   80330
   79951
   79902
   79831
   79186
   79822
   78794
   78956
   79575
   79511
   79125
   79074
   78589
   78319
   77184
   78241
   77962
   77980
   77516
   77953
   77468
   76789
   76914
   77180
   76612
   76282
   76411
   76114
   75777
   76500
   75529
   76192
   75439
   75334
   75118
   75179
   75622
   75327
   75032
   75369
   75040
   74737
   75040
   74678
   74178
   74710
   74671
   74172
   74187
   74526
   74141
   74304
   73612
   73817
   73966
   73887
   73414
   72937
   73256
   73145
   72893
   72724
   72560
   72115
   71645
   70952
   70265
   69604
   69373
   68612
   67905
   66454
   65881
   65301
   64422
   63000
   62294
   61660
   60669
   59639
   58602
   57613
   56363
   55780
   54606
   54107
   52806
   52290
   51988
   51468
   50806
   49856
   49605
   48925
   48271
   48081
   46922
   46851
   46515
   46444
   45870
   45650
   45204
   44922
   44927
   44208
   43966
   43816
   43563
   43198
   43105
   42728
   42269
   41832
   41694
   41483
   41223
   41271
   40915
   40861
   40344
   39963
   39820
   39623
   39363
   39250
   39071
   38793
   38926
   38659
   38154
   38075
   38005
   37754
   37484
   37214
   37198
   36859
   36910
   36952
   36640
   36532
   36138
   36122
   35940
   35878
   35474
   35398
   35137
   34997
   34810
   34623
   34356
   34898
   34340
   34273
   34037
   34215
   33810
   34005
   33876
   33412
   33725
   33623
   33313
   33321
   33754
   34102
   33862
   33928
   34323
   34692
   35389
   35979
   36607
   37625
   38572
   39754
   41308
   42858
   45405
   47831
   50376
   53934
   57800
   62371
   67111
   72974
   79834
   86036
   94135
  102581
  111821
  123103
  133516
  144028
  157955
  168803
  184096
  197598
  212416
  226307
  241899
  256628
  271552
  286562
  299652
  313403
  326190
  338310
  349095
  356872
  365066
  371348
  373394
  375202
  376588
  374098
  370080
  364780
  356816
  345841
  335454
  322093
  308162
  293897
  277235
  260255
  243788
  227115
  210199
  193873
  178311
  161580
  146443
  133479
  119883
  107768
   96709
   86713
   77688
   69439
   62269
   56133
   51184
   45992
   42170
   38654
   35507
   33027
   31043
   29626
   28215
   27008
   26283
   25307
   24731
   24406
   23986
   23694
   23407
   23376
   23374
   23213
   22943
   22910
   23272
   22593
   22320
   22745
   22821
   22555
   22350
   22418
   22480
   22435
   22319
   22327
   22192
   22435
   22096
   21992
   22105
   21889
   21648
   21847
   21461
   21679
   21253
   21168
   21067
   21248
   21046
   20707
   20988
   20492
   20716
   20366
   20368
   20267
   20375
   20127
   20003
   19866
   20061
   19866
   19777
   19876
   19781
   19666
   19698
   19753
   19756
   19380
   19656
   19478
   19664
   19389
   19537
   19710
   19310
   19765
   19903
   19529
   19520
   19565
   19460
   19634
   19597
   19584
   19759
   19841
   19669
   19831
   19974
   19885
   19631
   19617
   19905
   19643
   19590
   19593
   19773
   19591
   19691
   19531
   19446
   19636
   19549
   19802
   19322
   19361
   19512
   19343
   19584
   19519
   19508
   19379
   19301
   19084
   19325
   19445
   19078
   18929
   18959
   18622
   18972
   19192
   18847
   19064
   18739
   18670
   18806
   18746
   18680
   18452
   18411
   18534
   18380
   18327
   18312
   18232
   18001
   18510
   18027
   18122
   18259
   18155
   18234
   18009
   17950
   17545
   17725
   17929
   17756
   17852
   17806
   17594
   17669
   17728
   17641
   17677
   17449
   17823
   17631
   17407
   17593
   17424
   17568
   17432
   17514
   17644
   17225
   17504
   17269
   17321
   17419
   17260
   17195
   17214
   17120
   17170
   16982
   17101
   17024
   17152
   16896
   17208
   16877
   17010
   16767
   16953
   16568
   16697
   16589
   16758
   16419
   16359
   16534
   16532
   16408
   16493
   16211
   16233
   16370
   16265
   15945
   16223
   16175
   16196
   15917
   16043
   16219
   15970
   16057
   15830
   15875
   16004
   15993
   15983
   15875
   16055
   15742
   16084
   15743
   15909
   15829
   15696
   15779
   15604
   15711
   15670
   15857
   15551
   15717
   15484
   15578
   15564
   15462
   15480
   15486
   15453
   15218
   15321
   15608
   15356
   15325
   15471
   15461
   15671
   15283
   15388
   15542
   15296
   15479
   15297
   15502
   15122
   15311
   15489
   15520
   15219
   15187
   15347
   15480
   15438
   15154
   15293
   15221
   15339
   15117
   15497
   15344
   15427
   15153
   15368
   15201
   15422
   15465
   15335
   15441
   15111
   15383
   15244
   15427
   15276
   15117
   15157
   15485
   15268
   15688
   15496
   15539
   15369
   15466
   15293
   15379
   15363
   15629
   15489
   15531
   15539
   15585
   15468
   15536
   15717
   15623
   15630
   15509
   15635
   15585
   15769
   15876
   15633
   15812
   15689
   15598
   15920
   15969
   15635
   15750
   15780
   15986
   16091
   15973
   16028
   15895
   15899
   16017
   16098
   16160
   15962
   16038
   16047
   15943
   15833
   16223
   16144
   16078
   15975
   16036
   16227
   16057
   16114
   16185
   16176
   16074
   16127
   15987
   16070
   15965
   15925
   15940
   16071
   15858
   15939
   15775
   15642
   15673
   15695
   15633
   15445
   15367
   15094
   15121
   14781
   14911
   14935
   14488
   14216
   14396
   13870
   13812
   13795
   13382
   13290
   13270
   12776
   12800
   12594
   12332
   12182
   11878
   11816
   11543
   11413
   11145
   10672
   10698
   10621
   10228
   10047
   10067
    9652
    9536
    9186
    9143
    8835
    8715
    8521
    8402
    8317
    8262
    8129
    7801
    7804
    7575
    7636
    7217
    7285
    7230
    7063
    7018
    6924
    6741
    6789
    6701
    6628
    6394
    6338
    6089
    6153
    6197
    5953
    5952
    5985
    6038
    5667
    5736
    5663
    5648
    5586
    5670
    5489
    5471
    5446
    5411
    5287
    5338
    5355
    5239
    5171
    5252
    5096
    5208
    5117
    4998
    5070
    5173
    4890
    5071
    4964
    4976
    5104
    5037
    4956
    5015
    4988
    5098
    4900
    5032
    5080
    5105
    5029
    5157
    5156
    5109
    5223
    5263
    5192
    5452
    5474
    5590
    5574
    5635
    5718
    5944
    5974
    6056
    6315
    6475
    6442
    6821
    6922
    7152
    7482
    7762
    8140
    8376
    8402
    8902
    9246
    9671
   10227
   10704
   11021
   11519
   12098
   12761
   13405
   13970
   14683
   15277
   16357
   16644
   17764
   18698
   19907
   20649
   21803
   23117
   23841
   24979
   26637
   27740
   29033
   30174
   31422
   33028
   34100
   35681
   37070
   38481
   39845
   41316
   42578
   44030
   45777
   46663
   47319
   48529
   49500
   51151
   52179
   53171
   53787
   55215
   55225
   56185
   56924
   57154
   57727
   57542
   57632
   57592
   57159
   57434
   56921
   56340
   55839
   55526
   54498
   53688
   52149
   51331
   50536
   49387
   48189
   46616
   45487
   44185
   42668
   41441
   39669
   37848
   36613
   35433
   33539
   32035
   31005
   29442
   27655
   26933
   25379
   24119
   22733
   21581
   20373
   19259
   18231
   17225
   16411
   15122
   14348
   13614
   12932
   12129
   11281
   10910
   10329
    9773
    9225
    8700
    8560
    8118
    7408
    7350
    7069
    6619
    6455
    6187
    6039
    5770
    5695
    5553
    5295
    5300
    5099
    5023
    4877
    4844
    4811
    4676
    4640
    4536
    4501
    4394
    4492
    4399
    4419
    4352
    4297
    4207
    4188
    4220
    4056
    4347
    4126
    4086
    3985
    4078
    4129
    4067
    4144
    4085
    4083
    4026
    3941
    3929
    3973
    4042
    3917
    4006
    3897
    3871
    3828
    3941
    3814
    3903
    3941
    3800
    3846
    3740
    3804
    3775
    3935
    3754
    3752
    3809
    3798
    3783
    3712
    3802
    3781
    3635
    3700
    3643
    3616
    3772
    3723
    3586
    3621
    3648
    3612
    3623
    3598
    3536
    3509
    3555
    3409
    3575
    3486
    3445
    3457
    3483
    3451
    3583
    3533
    3432
    3394
    3458
    3400
    3487
    3332
    3345
    3362
    3331
    3230
    3366
    3326
    3461
    3340
    3263
    3229
    3215
    3160
    3139
    3288
    3185
    3170
    3287
    3125
    3121
    3064
    3145
    3125
    3197
    3116
    3120
    3101
    3064
    3014
    2950
    3022
    3018
    3002
    2945
    2977
    2944
    2945
    2892
    2865
    3033
    2876
    2955
    2864
    2850
    2868
    2817
    2800
    2850
    2861
    2760
    2822
    2834
    2698
    2754
    2782
    2733
    2741
    2673
    2630
    2640
    2723
    2694
    2641
    2667
    2588
    2576
    2671
    2577
    2524
    2535
    2510
    2578
    2523
    2535
    2458
    2452
    2487
    2398
    2504
    2406
    2462
    2409
    2406
    2328
    2375
    2242
    2233
    2335
    2357
    2205
    2302
    2259
    2223
    2167
    2214
    2220
    2163
    2269
    2135
    2184
    2151
    2154
    2111
    2092
    2094
    2025
    2087
    2070
    2112
    2132
    2039
    1976
    2047
    1988
    2001
    1993
    2012
    1930
    1935
    1996
    1844
    1885
    1832
    1942
    1895
    1909
    1800
    1884
    1914
    1810
    1774
    1829
    1778
    1790
    1822
    1853
    1781
    1771
    1772
    1803
    1815
    1709
    1707
    1759
    1765
    1782
    1712
    1772
    1751
    1781
    1698
    1617
    1690
    1711
    1710
    1652
    1642
    1708
    1665
    1709
    1608
    1664
    1672
    1655
    1692
    1656
    1650
    1664
    1724
    1675
    1665
    1694
    1615
    1662
    1697
    1649
    1640
    1623
    1718
    1664
    1698
    1713
    1698
    1644
    1725
    1629
    1659
    1640
    1659
    1675
    1729
    1782
    1733
    1727
    1680
    1781
    1674
    1779
    1826
    1834
    1787
    1886
    1773
    1953
    1912
    1866
    1935
    1892
    1995
    1919
    1981
    1991
    1999
    2040
    2033
    2072
    2138
    2114
    2114
    2171
    2171
    2239
    2233
    2259
    2172
    2303
    2255
    2259
    2328
    2254
    2316
    2345
    2265
    2283
    2423
    2351
    2373
    2369
    2343
    2444
    2336
    2369
    2359
    2407
    2354
    2342
    2314
    2347
    2226
    2225
    2213
    2170
    2279
    2231
    2171
    2072
    2097
    2128
    1975
    1985
    1893
    1865
    1893
    1844
    1803
    1759
    1765
    1610
    1602
    1580
    1630
    1578
    1512
    1384
    1455
    1361
    1374
    1285
    1321
    1255
    1246
    1145
    1149
    1117
    1118
    1078
    1046
     976
     928
     985
     927
     923
     900
     805
     817
     778
     788
     832
     766
     753
     725
     728
     710
     726
     699
     657
     647
     630
     627
     636
     644
     607
     611
     568
     565
     562
     581
     581
     564
     546
     570
     567
     537
     561
     570
     514
     512
     541
     540
     544
     532
     523
     522
     546
     519
     509
     516
     522
     541
     485
     526
     489
     481
     492
     510
     483
     480
     484
     497
     505
     470
     485
     490
     443
     469
     464
     463
     477
     495
     525
     465
     454
     481
     437
     448
     468
     437
     483
     475
     451
     460
     483
     440
     455
     452
     471
     427
     472
     415
     453
     423
     422
     443
     453
     446
     454
     451
     416
     429
     425
     424
     407
     428
     441
     448
     381
     397
     436
     397
     399
     404
     399
     419
     378
     365
     384
     364
     401
     435
     379
     395
     416
     385
     379
     377
     407
     369
     386
     360
     399
     374
     341
     370
     400
     408
     372
     366
     334
     362
     358
     373
     382
     362
     357
     345
     351
     362
     352
     385
     324
     350
     306
     383
     362
     337
     343
     346
     316
     351
     353
     316
     334
     348
     307
     322
     343
     316
     351
     342
     329
     331
     301
     308
     288
     318
     333
     286
     348
     310
     316
     338
     331
     319
     330
     342
     312
     314
     317
     308
     299
     280
     320
     302
     311
     298
     309
     318
     334
     278
     297
     299
     336
     285
     273
     309
     287
     308
     277
     307
     255
     275
     261
     296
     300
     274
     267
     287
     269
     274
     284
     310
     284
     306
     288
     277
     268
     254
     248
     239
     273
     235
     309
     296
     264
     265
     273
     246
     252
     268
     275
     270
     236
     253
     235
     219
     248
     256
     248
     251
     251
     267
     230
     273
     285
     231
     276
     252
     227
     237
     251
     219
     258
     242
     247
     223
     253
     236
     218
     233
     255
     272
     242
     230
     237
     234
     240
     222
     232
     224
     232
     214
     214
     243
     259
     230
     218
     226
     209
     206
     199
     215
     248
     222
     202
     211
     222
     221
     216
     191
     204
     222
     205
     208
     200
     210
     229
     246
     200
     209
     193
     210
     212
     218
     205
     216
     189
     233
     195
     232
     217
     208
     198
     224
     184
     175
     207
     209
     227
     201
     216
     193
     188
     192
     165
     194
     191
     199
     198
     187
     204
     168
     169
     192
     185
     190
     214
     187
     179
     154
     165
     182
     182
     160
     172
     166
     174
     190
     178
     159
     181
     192
     161
     154
     171
     177
     168
     151
     149
     177
     157
     160
     165
     151
     140
     157
     138
     148
     145
     141
     160
     146
     128
     143
     144
     147
     156
     127
     130
     141
     113
     136
     134
     119
     139
     144
     131
     112
     129
     109
     128
     125
     137
     141
     121
     136
     137
     127
     130
     127
     121
     117
     127
     131
     136
     132
     133
     130
     111
     139
     111
     129
     124
     132
     115
     125
     122
     142
     140
     130
     121
     122
     125
     111
     103
     131
     140
     103
     130
     124
      97
     101
     122
     139
     138
     118
     113
     122
     129
     123
     112
     120
     141
     133
     143
     133
     117
     124
     134
     121
     122
     133
     152
     144
     127
     126
     131
     137
     123
     126
     126
     135
     135
     150
     140
     128
     138
     133
     140
     125
     131
     140
     127
     132
     131
     156
     130
     152
     124
     137
     136
     137
     145
     138
     143
     152
     157
     146
     151
     156
     166
     136
     142
     156
     159
     142
     140
     147
     148
     161
     157
     140
     152
     141
     140
     128
     136
     135
     124
     126
     131
     128
     141
     118
     126
     135
     124
     107
     126
     122
     110
     136
     114
     128
     118
     100
     100
     116
     106
      89
      94
     109
     109
      89
      96
      84
     110
      93
     102
      86
      97
      88
      95
      85
      93
      78
      95
      85
      81
      90
      78
      62
      58
      68
      64
      65
      52
      50
      84
      63
      62
      60
      57
      48
      50
      50
      67
      53
      46
      51
      48
      52
      46
      52
      52
      65
      43
      48
      32
      54
      39
      46
      37
      53
      34
      38
      34
      27
      44
      30
      41
      35
      44
      36
       0
       0
       0
       0
       0
       0
       0
       0
       0
       0
       0
       0
       0
       0
       0
       0
       0
       0
       0
       0
       0
       0
       0
       0
       0
       0
       0
       0
       0
       0
       0
       0
$ROI:
2
360 446
909 1035
$PRESETS:
None
0
0
$ENER_FIT:
-44.354591 1.425041
$MCA_CAL:
3
-4.435459E+001 1.425041E+000 0.000000E+000 keV
$SHAPE_CAL:
3
1.539914E+001 3.312946E-002 0.000000E+000
