$SPEC_ID:
No sample description was entered.
$SPEC_REM:
DET# 1
DETDESC# DESKTOP-95CNEVU Easy-MCA-2k SN 16145343
AP# Maestro Version 7.01
$DATE_MEA:
02/14/2020 15:47:14
$MEAS_TIM:
1589 2146
$DATA:
0 2047
       0
       0
       0
       0
       0
       0
       0
       0
   15738
   55862
   95988
   76355
   19967
   15303
   14646
   14893
   14904
   14929
   15052
   15249
   15371
   15441
   15327
   16003
   15886
   16184
   16370
   16286
   16809
   17383
   17721
   18193
   19148
   20070
   21495
   23093
   24180
   24690
   25539
   25663
   25771
   25629
   25128
   24703
   24566
   24069
   24492
   24428
   25461
   26148
   26910
   28134
   28934
   30683
   32249
   34870
   38181
   43139
   49629
   58529
   68660
   79934
   90722
   99918
  107482
  112559
  115004
  115163
  112359
  108552
  104851
  102150
  100084
  100579
  102793
  106048
  109061
  110370
  110923
  108912
  105864
   99793
   93608
   86652
   79054
   72287
   67201
   62437
   58162
   55726
   53071
   51052
   48837
   46070
   42903
   40330
   37338
   34878
   32369
   30419
   28955
   28240
   27582
   27381
   27794
   28425
   28708
   28463
   29692
   30100
   30218
   30497
   30522
   30555
   30417
   30349
   30493
   31172
   30739
   30690
   31156
   31383
   31524
   31759
   32088
   32323
   32146
   32664
   32920
   33138
   32965
   33208
   33400
   33330
   33341
   33415
   33845
   33988
   34163
   34272
   34520
   34312
   34550
   34709
   34994
   34684
   35012
   35414
   35736
   35497
   36082
   36129
   35910
   36277
   36582
   37264
   37282
   37927
   38379
   38141
   39314
   39482
   40262
   40914
   42145
   42244
   43291
   43777
   44219
   44832
   44827
   45242
   45202
   45616
   45697
   46307
   47036
   48141
   49269
   51317
   53998
   57078
   60178
   65291
   69514
   75285
   80768
   86981
   92307
   96682
  101237
  105206
  108151
  109283
  109362
  108949
  107111
  103498
   99796
   94926
   89525
   83930
   78079
   72277
   67381
   61629
   57178
   53389
   49301
   46625
   43591
   42106
   41123
   39906
   39216
   38683
   38160
   38379
   38182
   38296
   38213
   37590
   37608
   37480
   37577
   37212
   36591
   36540
   36042
   35629
   35526
   35537
   34798
   34454
   33884
   33885
   33658
   33212
   33631
   33114
   33021
   32607
   32747
   32390
   32455
   32401
   32215
   32344
   32564
   32408
   32615
   33090
   32922
   33505
   34005
   34558
   35517
   35898
   36930
   37666
   38504
   39601
   40347
   40847
   41683
   42250
   42729
   42729
   43232
   43126
   43230
   42643
   42321
   41876
   40965
   40204
   38766
   37990
   36942
   35871
   33772
   33177
   31898
   30582
   29346
   28013
   27251
   26001
   25386
   24219
   23597
   23293
   22503
   22387
   21622
   21435
   21141
   21065
   20865
   20460
   20687
   20271
   19887
   20062
   20136
   20072
   19884
   19717
   19919
   19997
   19903
   20050
   19836
   19857
   19912
   19628
   19781
   20246
   19747
   19883
   20127
   19766
   19629
   19791
   20064
   19817
   19603
   19649
   19607
   19328
   19254
   19364
   19029
   18892
   18754
   18356
   18422
   18303
   18114
   18210
   18147
   18058
   17610
   17626
   17779
   17916
   17781
   18100
   17937
   17738
   17867
   18302
   18252
   18423
   18541
   18754
   18820
   19120
   19233
   19582
   19394
   19739
   20109
   19686
   20168
   20146
   20373
   20171
   20451
   20331
   20127
   20171
   20078
   19681
   19977
   19985
   20267
   19632
   19979
   19733
   19637
   19974
   20059
   20377
   20317
   20540
   20809
   21100
   21144
   21282
   21866
   21900
   22333
   23069
   23199
   23479
   23833
   24412
   24614
   24814
   25193
   25043
   25108
   25088
   25455
   25113
   25058
   24649
   24529
   24204
   23692
   23366
   22730
   22107
   21990
   21205
   20904
   20024
   19842
   19382
   18626
   18543
   17867
   17769
   17537
   17443
   17012
   17016
   17182
   17300
   17512
   17905
   18390
   18673
   18957
   19497
   20216
   20780
   21506
   21983
   23146
   23771
   24868
   25579
   26435
   27204
   28225
   29436
   30026
   30322
   31365
   32185
   32785
   33417
   33815
   34313
   34608
   34858
   34883
   34918
   34417
   34447
   33697
   33306
   32684
   32042
   31596
   30336
   29392
   28602
   27249
   26008
   25195
   24075
   22925
   21843
   20745
   19708
   18577
   17570
   16912
   16022
   15356
   14537
   14032
   13330
   12920
   12591
   12130
   11617
   11411
   10971
   10873
   10591
   10432
   10240
   10143
   10095
    9919
    9960
    9990
    9694
    9522
    9707
    9526
    9349
    9666
    9469
    9597
    9477
    9482
    9225
    9379
    9391
    9209
    9358
    9511
    9476
    9206
    9186
    9332
    9413
    9309
    9156
    9374
    9224
    9262
    9603
    9254
    9353
    9317
    9239
    9356
    9292
    9224
    9547
    9330
    9595
    9530
    9579
    9606
    9818
    9758
    9902
   10016
   10074
   10057
   10226
   10297
   10438
   10461
   10629
   10666
   10949
   11205
   11377
   11415
   11473
   11507
   11540
   11995
   11576
   11836
   11979
   12102
   12172
   11628
   12030
   12003
   12056
   11875
   11746
   11766
   11588
   11678
   11510
   11488
   11323
   11120
   11182
   10903
   10774
   10699
   10554
   10472
   10312
   10148
   10074
   10012
    9894
   10005
    9919
    9696
    9706
    9610
    9710
    9691
    9652
    9642
    9841
    9561
    9885
    9814
    9672
    9590
    9783
    9697
    9544
    9571
    9486
    9446
    9548
    9604
    9402
    9645
    9302
    9296
    9323
    9136
    8972
    8997
    9018
    8818
    8743
    8837
    8592
    8531
    8485
    8461
    8273
    8291
    8101
    8238
    7929
    7936
    7978
    8043
    7880
    7868
    7927
    7902
    7811
    7697
    8053
    7907
    7847
    8136
    8012
    7985
    8031
    8132
    8099
    8138
    8135
    8285
    8514
    8233
    8431
    8527
    8543
    8785
    8581
    8709
    8815
    8930
    9203
    9198
    9279
    9443
    9391
    9658
    9685
   10004
   10183
   10294
   10440
   10626
   10698
   11101
   11363
   11634
   11997
   12335
   12788
   12815
   13244
   13648
   13887
   14276
   14590
   14782
   15543
   15589
   15910
   16307
   16319
   16622
   16936
   16859
   17290
   17253
   17194
   17488
   17786
   17516
   17622
   17631
   17693
   17727
   17601
   17383
   17108
   17187
   16731
   16615
   16740
   16530
   16083
   15819
   15564
   15315
   15235
   15345
   14899
   14655
   14549
   14602
   14409
   14351
   14188
   14134
   14116
   13760
   13941
   14034
   14089
   13908
   13931
   13897
   13671
   13738
   13822
   13577
   13465
   13557
   13435
   13129
   13052
   12895
   12878
   12598
   12452
   12100
   12100
   11618
   11380
   11031
   10672
   10580
   10203
    9814
    9706
    9373
    8796
    8664
    8375
    7918
    7641
    7567
    6846
    6946
    6310
    6139
    5894
    5674
    5649
    5262
    4940
    4929
    4718
    4591
    4341
    4162
    4102
    4070
    3848
    3727
    3533
    3572
    3612
    3404
    3463
    3369
    3325
    3248
    3337
    3167
    3203
    3119
    3094
    3222
    3091
    2987
    3077
    3163
    3021
    3073
    3055
    2985
    2999
    3045
    2970
    2990
    2969
    2904
    2950
    3041
    2990
    2952
    2910
    3018
    3022
    3065
    2955
    2987
    3041
    2998
    2932
    2932
    2957
    2964
    2901
    3068
    2976
    2949
    2938
    3054
    2932
    2957
    3004
    2915
    2889
    2848
    2946
    2869
    2868
    2821
    2849
    2822
    2893
    2836
    2734
    2940
    2907
    2943
    2788
    2807
    2734
    2742
    2686
    2684
    2674
    2767
    2607
    2714
    2730
    2670
    2593
    2573
    2660
    2591
    2543
    2537
    2561
    2519
    2534
    2512
    2440
    2492
    2501
    2521
    2377
    2385
    2446
    2417
    2344
    2472
    2365
    2318
    2292
    2305
    2249
    2246
    2359
    2314
    2257
    2256
    2246
    2287
    2180
    2290
    2177
    2224
    2141
    2186
    2183
    2276
    2183
    2102
    2147
    2209
    2176
    2240
    2231
    2085
    2110
    2224
    2159
    2116
    2285
    2132
    2090
    2157
    2163
    2133
    2062
    2178
    2190
    2125
    2173
    2226
    2072
    2157
    2190
    2125
    2118
    2159
    2116
    2206
    2201
    2169
    2142
    2248
    2042
    2098
    2036
    2174
    2123
    2123
    2147
    2077
    2118
    2139
    2084
    2068
    2142
    2128
    2021
    1996
    2074
    2052
    2025
    1995
    2007
    2050
    1969
    2013
    2017
    1960
    2005
    2064
    2029
    1986
    1967
    1895
    1855
    1925
    1945
    1919
    1963
    1859
    1870
    1783
    1894
    1826
    1789
    1892
    1798
    1836
    1795
    1823
    1748
    1828
    1776
    1714
    1690
    1712
    1790
    1787
    1810
    1743
    1841
    1667
    1702
    1733
    1735
    1706
    1725
    1726
    1644
    1675
    1634
    1707
    1654
    1687
    1612
    1701
    1640
    1607
    1658
    1612
    1615
    1610
    1643
    1676
    1639
    1652
    1651
    1549
    1594
    1658
    1594
    1595
    1584
    1540
    1519
    1580
    1544
    1550
    1528
    1561
    1560
    1564
    1525
    1602
    1561
    1477
    1506
    1492
    1422
    1499
    1439
    1485
    1499
    1476
    1603
    1474
    1443
    1496
    1520
    1458
    1467
    1536
    1491
    1520
    1496
    1537
    1564
    1490
    1492
    1467
    1465
    1513
    1566
    1489
    1551
    1509
    1441
    1462
    1545
    1481
    1479
    1457
    1565
    1506
    1533
    1566
    1600
    1549
    1570
    1603
    1508
    1545
    1583
    1574
    1652
    1630
    1654
    1616
    1580
    1662
    1668
    1613
    1663
    1656
    1697
    1621
    1631
    1690
    1641
    1729
    1732
    1649
    1668
    1748
    1757
    1690
    1718
    1759
    1783
    1769
    1793
    1713
    1815
    1812
    1783
    1833
    1813
    1805
    1818
    1799
    1782
    1807
    1756
    1787
    1781
    1766
    1815
    1827
    1833
    1784
    1810
    1833
    1798
    1812
    1830
    1852
    1836
    1737
    1834
    1954
    1787
    1862
    1840
    1786
    1885
    1936
    1916
    1920
    1953
    1955
    1951
    1979
    2009
    2069
    2003
    2087
    2191
    2090
    2137
    2050
    2187
    2200
    2256
    2335
    2301
    2364
    2355
    2375
    2442
    2437
    2596
    2525
    2536
    2573
    2568
    2642
    2616
    2720
    2714
    2790
    2781
    2844
    2830
    2856
    2870
    2721
    2804
    2900
    2906
    2822
    2939
    2995
    2832
    2885
    2907
    2836
    2837
    2795
    2902
    2922
    2906
    2881
    2853
    2908
    2804
    2812
    2881
    2771
    2702
    2651
    2721
    2769
    2705
    2672
    2560
    2606
    2514
    2465
    2492
    2398
    2311
    2364
    2330
    2432
    2314
    2251
    2263
    2245
    2241
    2117
    2116
    2121
    1934
    1976
    1926
    1935
    1865
    1885
    1895
    1866
    1847
    1876
    1794
    1777
    1804
    1739
    1699
    1652
    1648
    1682
    1579
    1583
    1567
    1562
    1546
    1513
    1502
    1410
    1544
    1444
    1335
    1451
    1387
    1458
    1430
    1427
    1398
    1322
    1437
    1344
    1363
    1313
    1332
    1287
    1294
    1280
    1321
    1291
    1264
    1276
    1206
    1241
    1266
    1248
    1236
    1254
    1211
    1209
    1240
    1265
    1278
    1232
    1245
    1282
    1215
    1206
    1256
    1191
    1252
    1224
    1164
    1204
    1220
    1234
    1208
    1159
    1254
    1199
    1243
    1171
    1192
    1192
    1234
    1246
    1182
    1191
    1273
    1205
    1186
    1265
    1245
    1236
    1170
    1225
    1209
    1201
    1209
    1196
    1184
    1179
    1152
    1099
    1227
    1273
    1160
    1202
    1208
    1262
    1243
    1222
    1259
    1249
    1166
    1174
    1162
    1239
    1215
    1210
    1205
    1247
    1212
    1238
    1182
    1227
    1164
    1221
    1185
    1217
    1208
    1145
    1174
    1223
    1179
    1227
    1197
    1135
    1230
    1229
    1209
    1205
    1158
    1158
    1170
    1184
    1261
    1120
    1141
    1129
    1143
    1198
    1104
    1255
    1177
    1136
    1199
    1138
    1162
    1177
    1191
    1224
    1163
    1157
    1215
    1177
    1172
    1184
    1151
    1183
    1143
    1177
    1162
    1134
    1142
    1169
    1138
    1194
    1138
    1119
    1178
    1172
    1147
    1149
    1142
    1149
    1179
    1175
    1199
    1085
    1127
    1167
    1122
    1160
    1137
    1120
    1122
    1104
    1171
    1216
    1109
    1185
    1096
    1114
    1070
    1113
    1112
    1126
    1196
    1076
    1126
    1158
    1134
    1116
    1115
    1172
    1081
    1118
    1082
    1096
    1112
    1102
    1132
    1121
    1137
    1083
    1120
    1099
    1075
    1067
    1083
    1060
    1121
    1081
    1120
    1068
    1070
    1054
    1070
    1089
    1132
    1112
    1142
    1104
    1176
    1065
    1120
    1105
    1095
    1112
    1160
    1062
    1177
    1108
    1146
    1150
    1103
    1130
    1116
    1112
    1074
    1145
    1193
    1118
    1163
    1093
    1176
    1157
    1065
    1149
    1103
    1189
    1153
    1153
    1171
    1208
    1184
    1149
    1233
    1199
    1267
    1139
    1171
    1203
    1155
    1281
    1234
    1259
    1291
    1275
    1299
    1288
    1344
    1282
    1295
    1252
    1390
    1331
    1330
    1428
    1385
    1414
    1417
    1423
    1397
    1518
    1472
    1527
    1549
    1574
    1537
    1605
    1648
    1663
    1645
    1740
    1715
    1748
    1706
    1708
    1808
    1844
    1825
    1767
    1872
    1893
    1944
    1897
    1942
    1942
    1973
    2013
    2014
    2003
    2096
    1974
    2116
    2088
    1975
    2153
    2064
    2077
    2070
    2177
    2057
    2085
    2110
    2109
    2157
    2187
    2103
    2112
    2077
    2028
    2052
    2047
    1974
    2007
    2044
    1945
    1984
    2010
    1837
    1918
    1896
    1883
    1929
    1819
    1921
    1831
    1848
    1831
    1830
    1829
    1711
    1760
    1730
    1700
    1718
    1629
    1611
    1672
    1672
    1585
    1638
    1554
    1624
    1550
    1513
    1676
    1563
    1495
    1517
    1555
    1489
    1531
    1521
    1489
    1479
    1564
    1445
    1407
    1472
    1464
    1465
    1472
    1450
    1491
    1429
    1499
    1483
    1427
    1482
    1422
    1432
    1449
    1454
    1410
    1471
    1442
    1364
    1530
    1449
    1427
    1435
    1427
    1471
    1439
    1505
    1460
    1473
    1450
    1441
    1397
    1462
    1464
    1459
    1430
    1396
    1426
    1450
    1348
    1517
    1438
    1406
    1455
    1487
    1536
    1438
    1444
    1450
    1389
    1430
    1484
    1498
    1491
    1500
    1416
    1406
    1474
    1451
    1444
    1528
    1448
    1423
    1499
    1514
    1402
    1459
    1471
    1470
    1409
    1460
    1482
    1450
    1415
    1454
    1481
    1412
    1407
    1431
    1415
    1424
    1464
    1454
    1398
    1404
    1435
    1410
    1358
    1393
    1367
    1351
    1388
    1455
    1377
    1349
    1373
    1403
    1283
    1285
    1302
    1302
    1339
    1322
    1301
    1298
    1224
    1238
    1305
    1284
    1243
    1233
    1161
    1182
    1162
    1211
    1152
    1179
    1108
    1147
    1162
    1179
    1135
    1078
    1145
    1055
    1056
    1049
    1037
    1083
    1080
    1075
     994
     967
    1019
     988
     914
    1011
     925
     957
     926
     927
     934
     924
     873
     850
     881
     833
     864
     926
     861
     829
     833
     840
     811
     778
     793
     801
     798
     721
     789
     786
     736
     719
     752
     722
     755
     718
     729
     675
     728
     701
     749
     711
     762
     703
     717
     690
     693
     658
     703
     694
     714
     674
     688
     735
     670
     662
     692
     658
     667
     699
     663
     694
     658
     701
     709
     710
     723
     704
     684
     722
     768
     712
     754
     762
     732
     751
     749
     777
     827
     793
     754
     765
     835
     833
     920
     912
     858
     888
     868
     884
     899
     955
    1015
    1026
    1051
    1023
    1026
    1078
    1120
    1188
    1228
    1297
    1287
    1358
    1294
    1398
    1433
    1398
    1576
    1511
    1542
    1644
    1725
    1746
    1810
    1894
    1940
    1842
    1950
    1974
    2031
    2043
    2205
    2240
    2353
    2298
    2491
    2471
    2470
    2652
    2656
    2794
    2749
    2738
    2849
    2941
    3060
    3061
    3158
    3225
    3323
    3337
    3483
    3370
    3507
    3455
    3540
    3538
    3641
    3608
    3690
    3790
    3803
    3910
    3898
    3889
    3828
    3973
    3846
    3914
    3896
    4094
    3821
    3957
    3870
    4011
    3927
    3848
    3981
    3899
    3871
    3746
    3856
    3682
    3777
    3695
    3701
    3696
    3540
    3658
    3397
    3429
    3283
    3321
    3300
    3204
    3152
    3144
    3025
    2894
    2825
    2867
    2752
    2790
    2618
    2646
    2439
    2462
    2334
    2384
    2299
    2231
    2194
    2115
    2065
    1945
    1857
    1836
    1754
    1757
    1699
    1645
    1542
    1519
    1495
    1382
    1414
    1403
    1235
    1235
    1211
    1150
    1056
    1024
    1035
     944
     990
     947
     885
     848
     851
     926
     764
     717
     720
     705
     666
     625
     631
     613
     619
     625
     597
     559
       0
       0
       0
       0
       0
       0
       0
       0
       0
       0
       0
       0
       0
       0
       0
       0
       0
       0
       0
       0
       0
       0
       0
       0
       0
       0
       0
       0
       0
       0
       0
       0
$ROI:
3
0 27
56 75
162 223
$PRESETS:
None
0
0
$ENER_FIT:
-44.354591 1.425041
$MCA_CAL:
3
-4.435459E+001 1.425041E+000 0.000000E+000 keV
$SHAPE_CAL:
3
1.539914E+001 3.312946E-002 0.000000E+000
