$SPEC_ID:
No sample description was entered.
$SPEC_REM:
DET# 1
DETDESC# DESKTOP-1PP4NLM Easy-MCA-8k SN 09022235
AP# Maestro Version 7.01
$DATE_MEA:
02/08/2017 11:50:14
$MEAS_TIM:
131 131
$DATA:
0 1023
       0
       0
       0
       0
       0
       0
       0
       1
       6
     249
     325
     299
     299
     286
     247
     278
     317
     281
     281
     260
     272
     273
     249
     279
     269
     281
     282
     236
     221
     238
     247
     267
     284
     235
     260
     240
     246
     248
     224
     258
     254
     228
     245
     232
     231
     221
     239
     240
     220
     242
     241
     244
     201
     219
     203
     208
     224
     211
     212
     198
     193
     199
     207
     205
     220
     209
     179
     201
     186
     210
     215
     207
     198
     223
     171
     224
     202
     207
     215
     186
     194
     215
     183
     223
     200
     218
     197
     172
     199
     176
     185
     196
     193
     174
     201
     185
     173
     166
     196
     215
     180
     183
     178
     181
     172
     168
     174
     189
     182
     183
     150
     166
     169
     190
     200
     184
     153
     206
     160
     187
     180
     167
     158
     166
     169
     178
     169
     178
     162
     181
     154
     196
     188
     179
     187
     159
     165
     183
     175
     150
     156
     182
     150
     160
     173
     188
     188
     178
     160
     187
     177
     163
     175
     175
     180
     179
     189
     177
     207
     169
     192
     185
     184
     179
     188
     181
     179
     169
     178
     206
     187
     186
     177
     211
     193
     206
     203
     194
     182
     189
     200
     193
     230
     196
     227
     237
     195
     198
     185
     208
     223
     216
     194
     218
     200
     189
     210
     209
     196
     205
     195
     204
     197
     200
     192
     184
     184
     179
     177
     134
     145
     158
     142
     122
     119
     128
      94
     111
      92
      93
      82
      67
      87
      69
      67
      68
      60
      61
      57
      57
      47
      56
      48
      41
      37
      33
      42
      22
      33
      27
      25
      28
      20
      16
      14
      23
      22
      11
      16
      15
      10
      17
      15
      13
      10
      15
      10
      13
       6
       5
       5
       4
       9
       5
       7
       7
       5
       2
       4
       6
       5
       4
       2
       7
       7
       3
       3
       5
       1
       2
       3
       2
       0
       1
       2
       1
       1
       1
       1
       0
       0
       1
       1
       0
       1
       1
       2
       1
       0
       1
       2
       1
       0
       0
       0
       1
       1
       1
       0
       0
       1
       0
       0
       1
       0
       2
       0
       0
       0
       0
       0
       0
       0
       0
       1
       0
       0
       0
       0
       2
       2
       0
       1
       0
       1
       0
       1
       0
       0
       0
       1
       1
       0
       1
       0
       0
       0
       1
       3
       0
       0
       0
       3
       0
       1
       0
       0
       0
       0
       0
       0
       0
       0
       0
       1
       0
       1
       0
       2
       2
       1
       0
       0
       0
       0
       0
       0
       0
       0
       1
       0
       0
       0
       0
       0
       0
       0
       0
       0
       0
       0
       1
       1
       1
       0
       0
       0
       0
       1
       1
       0
       0
       0
       0
       0
       0
       0
       1
       0
       0
       0
       0
       0
       0
       0
       2
       0
       0
       1
       1
       0
       2
       1
       1
       0
       4
       1
       2
       0
       2
       1
       1
       0
       0
       0
       0
       0
       1
       1
       0
       0
       0
       0
       3
       1
       0
       0
       0
       1
       1
       0
       0
       1
       1
       1
       1
       2
       1
       2
       2
       0
       2
       1
       2
       0
       0
       0
       1
       0
       2
       0
       0
       0
       1
       2
       0
       0
       0
       0
       1
       1
       0
       0
       0
       0
       0
       0
       0
       0
       0
       0
       0
       0
       0
       0
       0
       0
       0
       0
       0
       1
       0
       0
       0
       0
       0
       0
       0
       0
       0
       0
       0
       0
       0
       0
       0
       0
       1
       0
       0
       0
       0
       0
       0
       0
       0
       0
       0
       0
       0
       1
       0
       0
       0
       1
       0
       1
       0
       0
       0
       0
       0
       0
       0
       1
       0
       0
       0
       1
       0
       0
       0
       0
       0
       0
       1
       0
       0
       0
       0
       0
       0
       0
       0
       0
       0
       0
       0
       0
       0
       1
       0
       0
       0
       0
       0
       1
       0
       0
       0
       0
       0
       0
       0
       0
       0
       0
       0
       0
       0
       0
       0
       0
       0
       0
       0
       0
       0
       0
       0
       0
       0
       0
       0
       0
       0
       0
       0
       0
       0
       0
       0
       0
       0
       0
       0
       0
       0
       0
       0
       0
       0
       0
       0
       2
       0
       0
       0
       0
       0
       0
       0
       0
       0
       0
       0
       0
       0
       0
       0
       0
       0
       0
       0
       0
       0
       0
       0
       0
       0
       0
       0
       0
       0
       0
       0
       0
       0
       0
       0
       0
       0
       0
       0
       0
       0
       0
       0
       0
       0
       0
       0
       0
       0
       0
       0
       0
       0
       0
       0
       0
       0
       1
       0
       0
       0
       0
       0
       0
       0
       0
       0
       0
       0
       0
       0
       0
       0
       0
       0
       0
       0
       0
       0
       0
       0
       0
       0
       0
       0
       0
       0
       0
       0
       0
       0
       0
       0
       0
       0
       0
       0
       1
       0
       0
       0
       0
       0
       0
       0
       0
       0
       0
       0
       0
       0
       0
       0
       0
       0
       0
       0
       0
       0
       0
       0
       0
       0
       0
       0
       0
       0
       0
       0
       0
       0
       0
       0
       0
       0
       0
       0
       0
       0
       0
       0
       0
       0
       0
       0
       0
       0
       0
       0
       0
       0
       0
       0
       0
       0
       0
       0
       0
       0
       0
       0
       0
       0
       0
       0
       0
       0
       0
       0
       0
       0
       0
       0
       0
       0
       0
       0
       0
       0
       0
       0
       0
       0
       0
       0
       0
       0
       0
       0
       0
       0
       0
       0
       0
       0
       0
       0
       0
       0
       0
       0
       0
       0
       0
       0
       0
       0
       0
       0
       0
       0
       0
       0
       0
       0
       0
       0
       0
       0
       0
       0
       0
       0
       0
       0
       0
       0
       0
       0
       0
       0
       0
       0
       0
       0
       0
       0
       0
       0
       1
       0
       0
       0
       0
       0
       0
       0
       0
       0
       0
       0
       0
       0
       0
       0
       0
       0
       0
       0
       0
       0
       0
       0
       0
       0
       0
       0
       0
       0
       0
       0
       0
       0
       0
       0
       0
       0
       0
       0
       0
       0
       0
       0
       0
       0
       0
       0
       0
       0
       0
       0
       0
       0
       0
       0
       0
       0
       0
       0
       0
       0
       0
       0
       0
       0
       0
       0
       0
       0
       0
       0
       0
       0
       0
       0
       0
       0
       1
       0
       0
       0
       0
       0
       0
       0
       0
       1
       0
       0
       1
       0
       0
       0
       0
       0
       0
       0
       0
       0
       0
       0
       0
       0
       0
       0
       0
       0
       0
       0
       0
       0
       0
       0
       0
       0
       0
       0
       0
       0
       0
       0
       0
       0
       0
       0
       0
       0
       0
       0
       0
       0
       0
       0
       0
       0
       0
       0
       0
       0
       0
       0
       0
       0
       0
       0
       0
       0
       0
       0
       0
       0
       0
       0
       0
       0
       0
       0
       0
       0
$ROI:
0
$PRESETS:
None
0
0
$ENER_FIT:
0.000000 0.000000
$MCA_CAL:
3
0.000000E+000 0.000000E+000 0.000000E+000 
$SHAPE_CAL:
3
0.000000E+000 0.000000E+000 0.000000E+000
