$SPEC_ID:
No sample description was entered.
$SPEC_REM:
DET# 1
DETDESC# DESKTOP-1PP4NLM Easy-MCA-8k SN 09022235
AP# Maestro Version 7.01
$DATE_MEA:
02/08/2017 11:34:02
$MEAS_TIM:
588 589
$DATA:
0 1023
       0
       0
       0
       0
       0
       0
       0
       0
       4
     180
     203
     202
     171
     181
     156
     156
     152
     180
     147
     134
     151
     140
     150
     156
     144
     169
     130
     134
     161
     163
     136
     165
     155
     145
     141
     160
     165
     155
     166
     161
     170
     152
     176
     159
     152
     159
     159
     139
     196
     159
     156
     167
     175
     188
     169
     182
     148
     175
     165
     185
     164
     196
     172
     188
     170
     178
     184
     195
     135
     183
     178
     194
     172
     191
     186
     189
     172
     199
     206
     220
     203
     196
     186
     201
     169
     182
     205
     210
     197
     208
     218
     206
     191
     190
     215
     181
     185
     176
     189
     203
     199
     207
     236
     225
     218
     205
     210
     201
     198
     200
     190
     220
     185
     227
     202
     203
     235
     211
     246
     208
     203
     220
     230
     237
     217
     212
     231
     207
     203
     234
     217
     238
     219
     202
     200
     221
     197
     209
     219
     182
     214
     204
     225
     247
     257
     215
     237
     193
     239
     223
     244
     225
     221
     238
     226
     224
     210
     229
     217
     209
     228
     214
     217
     213
     225
     212
     196
     208
     224
     219
     235
     214
     245
     218
     217
     221
     231
     222
     237
     224
     217
     216
     252
     224
     229
     249
     204
     213
     225
     212
     231
     243
     228
     235
     233
     220
     275
     237
     236
     238
     242
     214
     234
     215
     239
     227
     225
     259
     276
     243
     226
     253
     237
     247
     251
     236
     231
     242
     224
     251
     236
     215
     234
     249
     245
     210
     261
     238
     231
     261
     267
     204
     224
     228
     229
     260
     261
     233
     232
     216
     235
     260
     248
     229
     214
     251
     201
     226
     207
     236
     243
     237
     247
     224
     279
     233
     251
     242
     233
     231
     222
     242
     265
     251
     238
     253
     256
     222
     262
     270
     240
     249
     224
     220
     239
     225
     268
     267
     236
     269
     243
     215
     245
     241
     220
     216
     225
     235
     246
     247
     240
     221
     242
     212
     224
     221
     242
     234
     277
     231
     255
     208
     255
     217
     248
     254
     208
     237
     245
     216
     233
     223
     230
     230
     230
     228
     201
     235
     235
     213
     249
     235
     256
     220
     214
     220
     242
     225
     219
     238
     207
     218
     231
     215
     233
     250
     238
     250
     223
     219
     248
     232
     193
     220
     244
     227
     227
     231
     212
     237
     204
     222
     205
     245
     215
     232
     230
     246
     202
     246
     216
     228
     228
     252
     211
     204
     229
     217
     219
     232
     244
     201
     210
     212
     213
     203
     218
     224
     227
     206
     253
     230
     218
     228
     213
     182
     234
     225
     212
     210
     243
     214
     239
     199
     200
     236
     214
     191
     186
     199
     235
     211
     204
     235
     208
     200
     230
     224
     198
     198
     193
     224
     185
     211
     195
     177
     191
     195
     200
     189
     201
     172
     190
     201
     201
     171
     197
     226
     186
     173
     186
     215
     188
     173
     200
     185
     193
     212
     201
     216
     175
     192
     179
     171
     186
     188
     194
     154
     192
     161
     180
     136
     187
     194
     198
     185
     176
     188
     164
     192
     165
     164
     168
     176
     172
     177
     174
     168
     177
     172
     182
     185
     176
     170
     159
     167
     162
     183
     155
     167
     188
     156
     150
     193
     161
     154
     163
     155
     159
     173
     167
     176
     158
     163
     174
     160
     165
     164
     141
     171
     141
     144
     141
     131
     175
     178
     163
     161
     135
     161
     173
     161
     133
     127
     154
     151
     162
     143
     147
     165
     132
     133
     136
     161
     132
     147
     123
     137
     140
     161
     143
     135
     144
     135
     140
     135
     129
     122
     147
     141
     146
     132
     131
     144
     141
     130
     143
     141
     145
     120
     147
     141
     133
     138
     127
     128
     130
     137
     134
     141
     152
     152
     120
     127
     127
     124
     107
     136
     118
     122
     101
     129
     133
     110
     116
     126
     124
     127
     122
     113
     119
     103
     124
     115
     113
     114
     119
     110
     101
     118
     100
     103
     128
     101
     105
     111
      79
      94
      96
     105
     116
     102
     114
     100
      87
     119
     104
     109
      94
     114
      91
     118
     109
     121
      97
      92
      87
      93
      94
      69
      92
      90
      91
      99
      89
     109
     103
      91
      92
     100
      75
      86
      93
      74
      90
      91
      84
      85
      83
      80
      65
      79
      66
      91
      92
      96
      82
      62
      97
      86
      85
      88
      78
      94
      86
      70
      97
      84
      79
      66
      90
      60
      65
      74
      72
      80
      73
      68
      78
      71
      74
      62
      56
      79
      59
      61
      73
      69
      60
      75
      78
      56
      67
      70
      58
      61
      78
      66
      64
      66
      62
      54
      60
      53
      70
      70
      70
      59
      58
      59
      53
      62
      57
      56
      56
      50
      53
      67
      47
      53
      62
      65
      60
      47
      45
      49
      48
      40
      52
      57
      41
      50
      49
      34
      47
      39
      46
      47
      36
      48
      43
      38
      47
      44
      41
      46
      40
      38
      39
      34
      40
      42
      26
      36
      35
      35
      27
      54
      33
      32
      30
      34
      52
      36
      39
      27
      24
      23
      26
      30
      25
      33
      26
      42
      32
      27
      23
      30
      29
      15
      42
      22
      24
      23
      35
      32
      19
      24
      20
      26
      20
      21
      29
      25
      12
      18
      27
      23
      31
      13
      23
      16
      18
      21
      24
      20
      23
      14
      30
      16
      13
      23
      16
      17
      21
      14
      16
      18
      12
      16
      17
      25
      19
      17
      11
      11
      16
      12
      15
      14
      18
      12
      12
      16
       7
       8
      15
       6
      12
      10
       7
      14
      10
      13
      11
       9
       8
       3
      11
       9
       4
      15
      13
      10
       3
      10
       4
       7
       7
      11
      11
       6
      13
      10
       9
       9
       4
       3
       4
       4
      13
       4
       3
       5
       2
       4
       2
       5
       8
       5
       5
       4
       5
       4
       3
       3
       2
       8
       4
       3
       2
       3
       6
       3
       3
       3
       1
       5
       1
       5
       1
       0
       2
       1
       4
       1
       1
       2
       0
       1
       2
       0
       1
       0
       2
       1
       1
       2
       1
       1
       0
       1
       1
       1
       0
       2
       1
       0
       0
       1
       1
       1
       1
       0
       1
       0
       0
       0
       1
       0
       0
       0
       0
       0
       0
       0
       1
       0
       1
       1
       0
       0
       0
       0
       0
       0
       0
       0
       0
       2
       0
       0
       0
       2
       0
       0
       0
       0
       0
       0
       1
       0
       2
       0
       0
       0
       0
       0
       0
       0
       0
       0
       0
       0
       0
       0
       0
       0
       0
       0
       0
       0
       0
       0
       0
       0
       0
       0
       0
       0
       0
       0
       0
       0
       0
       0
       0
       0
       0
       0
       0
       0
       0
       0
       0
       0
       0
       0
       0
       0
       0
       0
       0
       0
       0
       0
       0
       0
       0
       0
       0
       0
       0
       0
$ROI:
0
$PRESETS:
None
0
0
$ENER_FIT:
0.000000 0.000000
$MCA_CAL:
3
0.000000E+000 0.000000E+000 0.000000E+000 
$SHAPE_CAL:
3
0.000000E+000 0.000000E+000 0.000000E+000
